0	65	49.90234375	31.94580078	23.25439453
1.370000005	65	64.89257812	31.93359375	23.16894531
2.25	65	64.91699219	31.97021484	23.20556641
3.410000086	65	64.91699219	32.03125	23.19335938
4.070000052	65	64.89257812	32.05566406	23.20556641
5.379999995	65	64.91699219	32.03125	23.19335938
6.040000081	65	64.91699219	32.08007812	23.12011719
7.360000014	65	64.91699219	32.04345703	23.13232422
8.080000043	65	64.89257812	32.10449219	23.16894531
9.389999986	65	64.91699219	32.12890625	23.19335938
10.05000007	65	64.91699219	32.11669922	23.14453125
11.37	65	64.89257812	32.14111328	23.18115234
12.03000009	65	64.89257812	32.18994141	23.16894531
13.39999998	65	64.89257812	32.21435547	23.13232422
14.06000006	65	64.89257812	32.2265625	23.16894531
15.38	65	64.91699219	32.2265625	23.21777344
16.04000008	65	64.91699219	32.25097656	23.25439453
17.41000009	65	64.91699219	32.25097656	23.20556641
18.07000005	65	64.91699219	32.32421875	23.20556641
19.38999999	65	64.91699219	32.421875	23.15673828
20.05000007	65	64.91699219	32.49511719	23.18115234
21.37	65	64.89257812	32.47070312	23.16894531
22.08000004	65	64.91699219	32.55615234	23.13232422
23.39999998	65	64.91699219	32.56835938	23.15673828
24.06000006	65	64.89257812	32.6171875	23.14453125
25.38	65	64.91699219	32.6171875	23.10791016
26.04000008	65	64.91699219	32.67822266	23.16894531
27.41000009	65	64.91699219	32.6171875	23.18115234
28.07000005	65	64.89257812	32.66601562	23.18115234
29.38999999	65	64.89257812	32.60498047	23.08349609
30.05000007	65	64.91699219	32.66601562	23.19335938
31.42000008	65	64.91699219	32.62939453	23.13232422
32.08000004	65	64.91699219	32.62939453	23.13232422
33.39999998	65	64.91699219	32.60498047	23.14453125
34.06000006	65	64.91699219	32.6171875	23.12011719
35.43000007	65	64.89257812	32.62939453	23.20556641
36.03000009	65	64.91699219	32.62939453	23.05908203
37.41000009	65	64.91699219	32.62939453	23.12011719
38.07000005	65	64.89257812	32.65380859	23.18115234
39.38	65	64.91699219	32.75146484	23.15673828
40.04000008	65	64.89257812	32.72705078	23.12011719
41.42000008	65	64.89257812	32.76367188	23.10791016
42.07000005	65	64.91699219	32.8125	23.09570312
43.38999999	65	64.91699219	32.82470703	23.08349609
44.05000007	65	64.91699219	32.87353516	23.08349609
45.37	65	64.91699219	32.83691406	23.10791016
46.03000009	65	64.91699219	32.82470703	23.05908203
47.39999998	65	64.91699219	32.91015625	23.08349609
48.5	65	64.91699219	32.86132812	23.01025391
49.38	65	64.89257812	32.95898438	23.05908203
50.04000008	65	64.89257812	33.05664062	23.046875
51.41000009	65	64.91699219	33.10546875	23.03466797
52.07000005	65	64.91699219	33.10546875	23.13232422
53.38999999	65	64.91699219	33.14208984	23.09570312
54.05000007	65	64.89257812	33.14208984	23.01025391
55.37	65	64.89257812	33.19091797	23.03466797
56.08000004	65	64.91699219	33.21533203	23.03466797
57.39999998	65	64.91699219	33.203125	23.13232422
58.06000006	65	64.91699219	33.25195312	23.046875
59.38	65	64.91699219	33.22753906	23.046875
60.09000003	65	64.89257812	33.21533203	23.01025391
61.41000009	65	64.91699219	33.23974609	23.09570312
62.07000005	65	64.91699219	33.26416016	23.14453125
63.38999999	65	64.89257812	33.36181641	23.10791016
64.04000008	65	64.89257812	33.37402344	23.09570312
65.42000008	65	64.91699219	33.36181641	23.07128906
66.08000004	65	64.89257812	33.43505859	23.05908203
67.39999998	65	64.91699219	33.42285156	23.07128906
68.05000007	65	64.91699219	33.54492188	23.10791016
69.37	65	64.91699219	33.52050781	23.10791016
70.03000009	35	64.89257812	33.61816406	23.08349609
71.39999998	35	34.93652344	33.63037109	23.07128906
72.06000006	35	34.9609375	33.70361328	23.09570312
73.38	35	34.9609375	33.66699219	23.09570312
74.04000008	35	34.93652344	33.77685547	23.18115234
75.41000009	35	34.93652344	33.82568359	23.14453125
76.07000005	35	34.93652344	33.81347656	23.20556641
77.38999999	35	34.93652344	33.80126953	23.19335938
78.05000007	35	34.93652344	33.85009766	23.16894531
79.37	35	34.9609375	33.7890625	23.20556641
80.08000004	35	34.93652344	33.71582031	23.20556641
81.39999998	35	34.93652344	33.77685547	23.13232422
82.06000006	35	34.93652344	33.77685547	23.14453125
83.38	35	34.93652344	33.69140625	23.09570312
84.04000008	35	34.93652344	33.70361328	23.13232422
85.41000009	35	34.93652344	33.74023438	23.2421875
86.07000005	35	34.93652344	33.71582031	23.13232422
87.38999999	35	34.93652344	33.70361328	23.15673828
88.05000007	35	34.91210938	33.66699219	23.21777344
89.37	35	34.93652344	33.60595703	23.20556641
90.08000004	35	34.93652344	33.65478516	23.18115234
91.39999998	35	34.93652344	33.59375	23.13232422
92.06000006	35	34.93652344	33.63037109	23.19335938
93.38	35	34.9609375	33.63037109	23.16894531
94.09000003	35	34.93652344	33.56933594	23.14453125
95.41000009	35	34.93652344	33.52050781	23.18115234
96.07000005	35	34.93652344	33.43505859	23.22998047
97.38	35	34.9609375	33.43505859	23.29101562
98.04000008	35	34.9609375	33.33740234	23.29101562
99.42000008	35	34.93652344	33.34960938	23.2421875
100.08	65	34.93652344	33.28857422	23.2421875
101.39	65	64.91699219	33.16650391	23.22998047
102.0500001	65	64.91699219	33.11767578	23.29101562
103.37	65	64.89257812	33.12988281	23.30322266
104.09	65	64.91699219	33.11767578	23.32763672
105.4	65	64.91699219	33.05664062	23.30322266
106.0600001	65	64.89257812	33.06884766	23.25439453
107.38	65	64.91699219	33.03222656	23.25439453
108.0400001	65	64.91699219	33.05664062	23.26660156
109.4100001	65	64.91699219	33.0078125	23.27880859
110.0700001	65	64.91699219	33.04443359	23.25439453
111.39	65	64.91699219	33.06884766	23.27880859
112.0500001	65	64.91699219	33.08105469	23.2421875
113.37	65	64.91699219	33.0078125	23.27880859
114.08	65	64.89257812	32.98339844	23.32763672
115.4	65	64.89257812	32.98339844	23.31542969
116.0600001	65	64.89257812	32.95898438	23.32763672
117.38	65	64.91699219	33.0078125	23.27880859
118.0400001	65	64.91699219	32.98339844	23.29101562
119.4100001	65	64.91699219	32.95898438	23.31542969
120.0700001	65	64.89257812	33.02001953	23.4375
121.39	65	64.89257812	33.03222656	23.42529297
122.0500001	65	64.91699219	33.0078125	23.36425781
123.4200001	65	64.91699219	33.06884766	23.38867188
124.08	65	64.91699219	33.0078125	23.35205078
125.4	65	64.91699219	32.98339844	23.30322266
126.0600001	65	64.91699219	33.02001953	23.33984375
127.37	65	64.91699219	33.09326172	23.32763672
128.09	65	64.91699219	33.09326172	23.32763672
129.4100001	65	64.91699219	33.10546875	23.33984375
130.0700001	35	64.91699219	33.19091797	23.30322266
131.38	35	34.93652344	33.17871094	23.36425781
132.0400001	35	34.93652344	33.23974609	23.37646484
133.4200001	35	34.93652344	33.203125	23.33984375
134.0700001	35	34.93652344	33.28857422	23.32763672
135.39	35	34.93652344	33.28857422	23.33984375
136.0500001	35	34.93652344	33.30078125	23.27880859
137.37	35	34.93652344	33.27636719	23.32763672
138.08	35	34.93652344	33.23974609	23.31542969
139.4	35	34.93652344	33.25195312	23.27880859
140.0600001	65	34.93652344	33.16650391	23.26660156
141.38	65	64.89257812	33.14208984	23.2421875
142.0400001	65	64.91699219	33.09326172	23.22998047
143.4100001	65	64.91699219	33.12988281	23.26660156
144.0700001	65	64.91699219	33.16650391	23.36425781
145.39	65	64.91699219	33.15429688	23.33984375
146.0500001	65	64.91699219	33.14208984	23.27880859
147.4200001	65	64.89257812	33.17871094	23.2421875
148.08	65	64.91699219	33.12988281	23.31542969
149.4	65	64.91699219	33.10546875	23.35205078
150.0600001	65	64.89257812	33.04443359	23.32763672
151.38	65	64.91699219	33.10546875	23.36425781
152.09	65	64.91699219	33.08105469	23.29101562
153.4100001	65	64.91699219	33.03222656	23.27880859
154.0700001	65	64.89257812	33.08105469	23.37646484
155.39	65	64.91699219	33.06884766	23.32763672
156.0500001	65	64.91699219	33.08105469	23.41308594
157.4200001	65	64.91699219	33.05664062	23.32763672
158.08	65	64.91699219	33.08105469	23.36425781
159.4	65	64.91699219	33.04443359	23.31542969
160.0500001	35	64.89257812	33.10546875	23.27880859
161.37	35	34.93652344	33.05664062	23.33984375
162.58	35	34.91210938	33.09326172	23.31542969
163.4100001	35	34.93652344	33.09326172	23.30322266
164.0600001	35	34.93652344	33.10546875	23.27880859
165.38	35	34.93652344	33.15429688	23.21777344
166.0400001	35	34.93652344	33.17871094	23.25439453
167.4100001	35	34.9609375	33.203125	23.25439453
168.0700001	35	34.93652344	33.19091797	23.32763672
169.39	35	34.93652344	33.12988281	23.27880859
170.0500001	35	34.9609375	33.23974609	23.31542969
171.37	35	34.93652344	33.14208984	23.22998047
172.08	35	34.93652344	33.22753906	23.22998047
173.4	35	34.9609375	33.203125	23.27880859
174.0600001	35	34.93652344	33.28857422	23.30322266
175.38	35	34.93652344	33.30078125	23.30322266
176.0400001	35	34.93652344	33.31298828	23.29101562
177.4100001	35	34.93652344	33.41064453	23.19335938
178.0700001	35	34.93652344	33.34960938	23.16894531
179.39	35	34.93652344	33.30078125	23.20556641
180.0500001	35	34.93652344	33.28857422	23.20556641
181.4200001	35	34.93652344	33.25195312	23.27880859
182.08	35	34.91210938	33.22753906	23.2421875
183.4	35	34.93652344	33.28857422	23.20556641
184.0600001	35	34.93652344	33.22753906	23.14453125
185.38	35	34.93652344	33.16650391	23.19335938
186.09	35	34.93652344	33.08105469	23.18115234
187.4100001	35	34.9609375	32.99560547	23.20556641
188.0700001	35	34.91210938	33.05664062	23.21777344
189.38	35	34.93652344	32.88574219	23.14453125
190.0400001	65	34.93652344	32.88574219	23.16894531
191.4200001	65	64.89257812	32.83691406	23.16894531
192.08	65	64.91699219	32.8125	23.2421875
193.39	65	64.91699219	32.76367188	23.21777344
194.0500001	65	64.91699219	32.67822266	23.18115234
195.37	65	64.91699219	32.6171875	23.14453125
196.09	65	64.91699219	32.54394531	23.18115234
197.4	65	64.91699219	32.44628906	23.21777344
198.0600001	65	64.91699219	32.38525391	23.21777344
199.38	65	64.91699219	32.32421875	23.27880859
200.0400001	35	64.91699219	32.33642578	23.25439453
201.4100001	35	34.93652344	32.21435547	23.18115234
202.0700001	35	34.93652344	32.16552734	23.22998047
203.39	35	34.93652344	32.14111328	23.15673828
204.0500001	35	34.93652344	32.10449219	23.22998047
205.4200001	35	34.93652344	32.10449219	23.27880859
206.08	35	34.93652344	32.08007812	23.19335938
207.4	35	34.93652344	32.04345703	23.21777344
208.0600001	35	34.93652344	32.04345703	23.18115234
209.38	35	34.93652344	32.09228516	23.20556641
210.0400001	65	34.93652344	32.11669922	23.2421875
211.4100001	65	64.91699219	32.21435547	23.21777344
212.0700001	65	64.91699219	32.23876953	23.22998047
213.39	65	64.91699219	32.23876953	23.20556641
214.0500001	65	64.91699219	32.28759766	23.20556641
215.4200001	65	64.91699219	32.29980469	23.21777344
216.08	65	64.91699219	32.26318359	23.2421875
217.4	65	64.91699219	32.23876953	23.25439453
218.0600001	65	64.94140625	32.2265625	23.26660156
219.37	65	64.91699219	32.31201172	23.2421875
220.0300001	35	64.91699219	32.28759766	23.15673828
221.4100001	35	34.93652344	32.26318359	23.15673828
222.0700001	35	34.93652344	32.21435547	23.20556641
223.38	35	34.93652344	32.2265625	23.21777344
224.0400001	35	34.9609375	32.17773438	23.19335938
225.4200001	35	34.93652344	32.18994141	23.19335938
226.24	35	34.93652344	32.14111328	23.14453125
227.39	35	34.93652344	32.12890625	23.19335938
228.0500001	35	34.93652344	32.14111328	23.20556641
229.4300001	35	34.93652344	32.14111328	23.20556641
230.08	35	34.93652344	32.14111328	23.20556641
231.4	35	34.93652344	32.12890625	23.21777344
232.0600001	35	34.93652344	32.14111328	23.21777344
233.38	35	34.93652344	32.09228516	23.19335938
234.09	35	34.93652344	32.15332031	23.2421875
235.4100001	35	34.9609375	32.14111328	23.33984375
236.0700001	35	34.93652344	32.17773438	23.26660156
237.39	35	34.93652344	32.18994141	23.32763672
238.0500001	35	34.9609375	32.12890625	23.30322266
239.4200001	35	34.93652344	32.09228516	23.20556641
240.08	65	34.9609375	32.14111328	23.29101562
241.4	65	64.89257812	32.20214844	23.38867188
242.0600001	65	64.89257812	32.11669922	23.40087891
243.38	65	64.91699219	32.12890625	23.30322266
244.09	65	64.91699219	32.16552734	23.27880859
245.4100001	65	64.91699219	32.18994141	23.29101562
246.0700001	65	64.91699219	32.16552734	23.27880859
247.39	65	64.91699219	32.17773438	23.31542969
248.0500001	65	64.91699219	32.17773438	23.27880859
249.4200001	65	64.91699219	32.18994141	23.30322266
250.08	35	64.91699219	32.18994141	23.32763672
251.4	35	34.93652344	32.18994141	23.29101562
252.0500001	35	34.93652344	32.12890625	23.29101562
253.37	35	34.93652344	32.06787109	23.35205078
254.09	35	34.93652344	32.01904297	23.40087891
255.4100001	35	34.9609375	31.95800781	23.35205078
256.0600001	35	34.93652344	31.97021484	23.38867188
257.38	35	34.93652344	31.90917969	23.36425781
258.0400001	35	34.9609375	31.89697266	23.33984375
259.4100001	35	34.93652344	31.87255859	23.4375
260.0700001	65	34.93652344	31.81152344	23.41308594
261.39	65	64.91699219	31.81152344	23.42529297
262.0500001	65	64.91699219	31.79931641	23.35205078
263.4200001	65	64.91699219	31.73828125	23.27880859
264.08	65	64.91699219	31.77490234	23.32763672
265.4	65	64.91699219	31.66503906	23.32763672
266.0600001	65	64.89257812	31.77490234	23.37646484
267.38	65	64.91699219	31.73828125	23.37646484
268.0400001	65	64.91699219	31.75048828	23.30322266
269.4100001	65	64.91699219	31.78710938	23.31542969
270.0700001	65	64.91699219	31.84814453	23.26660156
271.39	65	64.91699219	31.90917969	23.2421875
272.0500001	65	64.89257812	31.86035156	23.27880859
273.4200001	65	64.91699219	31.88476562	23.25439453
274.08	65	64.89257812	31.93359375	23.21777344
275.4	65	64.89257812	31.90917969	23.21777344
276.0600001	65	64.91699219	31.94580078	23.18115234
277.38	65	64.91699219	31.98242188	23.25439453
278.09	65	64.91699219	31.98242188	23.29101562
279.4100001	65	64.89257812	31.94580078	23.25439453
280.0700001	65	64.91699219	31.93359375	23.30322266
281.38	65	64.89257812	31.92138672	23.20556641
282.0400001	65	64.91699219	31.94580078	23.16894531
283.4200001	65	64.91699219	31.95800781	23.19335938
284.08	65	64.91699219	31.97021484	23.21777344
285.39	65	64.91699219	31.98242188	23.21777344
286.0500001	65	64.91699219	31.94580078	23.22998047
287.4300001	65	64.91699219	31.90917969	23.22998047
288.09	65	64.91699219	31.95800781	23.25439453
289.4	65	64.91699219	32.01904297	23.21777344
290.0600001	65	64.89257812	32.01904297	23.25439453
291.38	65	64.91699219	32.11669922	23.27880859
292.0400001	65	64.91699219	32.17773438	23.27880859
293.4100001	65	64.91699219	32.17773438	23.22998047
294.0700001	65	64.91699219	32.26318359	23.35205078
295.39	65	64.91699219	32.34863281	23.27880859
296.0500001	65	64.91699219	32.40966797	23.29101562
297.4200001	65	64.91699219	32.49511719	23.36425781
298.08	65	64.91699219	32.53173828	23.31542969
299.4	65	64.91699219	32.58056641	23.32763672
300.0600001	65	64.89257812	32.64160156	23.31542969
301.38	65	64.89257812	32.70263672	23.27880859
302.0400001	65	64.89257812	32.73925781	23.30322266
303.4100001	65	64.89257812	32.78808594	23.29101562
304.0700001	65	64.91699219	32.91015625	23.35205078
305.39	65	64.89257812	32.93457031	23.32763672
306.0500001	65	64.91699219	32.92236328	23.27880859
307.4200001	65	64.91699219	32.94677734	23.30322266
308.08	65	64.91699219	32.94677734	23.31542969
309.4	65	64.91699219	33.02001953	23.37646484
310.0600001	35	64.94140625	33.0078125	23.36425781
311.4300001	35	34.93652344	33.04443359	23.40087891
312.09	35	34.93652344	33.04443359	23.35205078
313.4100001	35	34.93652344	33.05664062	23.32763672
314.0700001	35	34.93652344	33.06884766	23.30322266
315.38	35	34.93652344	33.06884766	23.35205078
316.1	35	34.93652344	33.09326172	23.32763672
317.4200001	35	34.93652344	33.05664062	23.32763672
318.08	35	34.93652344	33.09326172	23.31542969
319.39	35	34.93652344	33.03222656	23.30322266
320.0500001	65	34.9609375	33.04443359	23.29101562
321.4300001	65	64.91699219	33.10546875	23.35205078
322.08	65	64.91699219	33.06884766	23.31542969
323.4	65	64.91699219	33.06884766	23.31542969
324.0600001	65	64.91699219	33.05664062	23.31542969
325.38	65	64.91699219	33.14208984	23.31542969
326.09	65	64.91699219	33.10546875	23.26660156
327.4100001	65	64.91699219	33.06884766	23.26660156
328.0700001	65	64.91699219	33.12988281	23.26660156
329.39	65	64.91699219	33.16650391	23.30322266
330.0500001	35	64.89257812	33.19091797	23.30322266
331.4200001	35	34.93652344	33.19091797	23.35205078
332.08	35	34.93652344	33.17871094	23.26660156
333.4	35	34.93652344	33.25195312	23.26660156
334.0600001	35	34.93652344	33.25195312	23.31542969
335.38	35	34.9609375	33.25195312	23.32763672
336.09	35	34.93652344	33.32519531	23.38867188
337.4100001	35	34.93652344	33.31298828	23.33984375
338.0700001	35	34.93652344	33.32519531	23.33984375
339.39	35	34.93652344	33.38623047	23.38867188
340.0500001	65	34.93652344	33.42285156	23.30322266
341.4200001	65	64.89257812	33.37402344	23.37646484
342.08	65	64.91699219	33.42285156	23.40087891
343.4	65	64.91699219	33.43505859	23.35205078
344.0500001	65	64.91699219	33.36181641	23.33984375
345.37	65	64.91699219	33.36181641	23.35205078
346.09	65	64.89257812	33.3984375	23.32763672
347.4100001	65	64.91699219	33.27636719	23.42529297
348.0600001	65	64.91699219	33.30078125	23.41308594
349.38	65	64.91699219	33.27636719	23.41308594
350.1	35	64.91699219	33.21533203	23.33984375
351.4100001	35	34.93652344	33.203125	23.32763672
352.0700001	35	34.93652344	33.11767578	23.29101562
353.39	35	34.93652344	33.05664062	23.36425781
354.0500001	35	34.93652344	33.06884766	23.4375
355.4200001	35	34.93652344	33.09326172	23.36425781
356.08	35	34.93652344	32.98339844	23.40087891
357.4	35	34.93652344	32.93457031	23.31542969
358.0600001	35	34.93652344	32.93457031	23.27880859
359.38	35	34.93652344	32.88574219	23.36425781
360.09	65	34.93652344	32.87353516	23.31542969
361.4100001	65	64.89257812	32.86132812	23.42529297
362.0700001	65	64.89257812	32.88574219	23.44970703
363.39	65	64.89257812	32.88574219	23.37646484
364.0500001	65	64.91699219	32.88574219	23.37646484
365.4200001	65	64.91699219	32.87353516	23.35205078
366.08	65	64.91699219	32.94677734	23.36425781
367.4	65	64.91699219	32.95898438	23.42529297
368.0600001	65	64.91699219	32.99560547	23.46191406
369.38	65	64.91699219	33.05664062	23.40087891
370.09	35	64.91699219	33.06884766	23.37646484
371.4100001	35	34.9609375	33.10546875	23.35205078
372.0700001	35	34.9609375	33.09326172	23.38867188
373.39	35	34.9609375	33.14208984	23.38867188
374.1	35	34.93652344	33.16650391	23.41308594
375.4200001	35	34.93652344	33.14208984	23.42529297
376.08	35	34.93652344	33.17871094	23.40087891
377.39	35	34.93652344	33.11767578	23.29101562
378.0500001	35	34.93652344	33.08105469	23.31542969
379.4300001	35	34.93652344	33.09326172	23.30322266
380.09	35	34.93652344	33.05664062	23.38867188
381.4	35	34.93652344	32.99560547	23.42529297
382.0600001	35	34.93652344	32.99560547	23.32763672
383.38	35	34.93652344	32.91015625	23.30322266
384.1	35	34.9609375	32.92236328	23.29101562
385.4100001	35	34.93652344	32.91015625	23.35205078
386.0700001	35	34.9609375	32.8125	23.40087891
387.39	35	34.93652344	32.73925781	23.42529297
388.0500001	35	34.93652344	32.70263672	23.41308594
389.4200001	35	34.93652344	32.71484375	23.40087891
390.08	35	34.93652344	32.62939453	23.36425781
391.4	35	34.93652344	32.62939453	23.32763672
392.11	35	34.93652344	32.56835938	23.38867188
393.4300001	35	34.93652344	32.58056641	23.38867188
394.09	35	34.9609375	32.48291016	23.35205078
395.4100001	35	34.93652344	32.47070312	23.35205078
396.0700001	35	34.93652344	32.49511719	23.26660156
397.39	35	34.93652344	32.49511719	23.30322266
398.0500001	35	34.93652344	32.43408203	23.29101562
399.4200001	35	34.93652344	32.44628906	23.29101562
400.08	35	34.93652344	32.48291016	23.32763672
401.4	35	34.93652344	32.421875	23.32763672
402.0600001	35	34.93652344	32.40966797	23.27880859
403.4300001	35	34.93652344	32.39746094	23.25439453
404.09	35	34.93652344	32.32421875	23.21777344
405.4100001	35	34.93652344	32.34863281	23.27880859
406.0700001	35	34.93652344	32.25097656	23.27880859
407.38	35	34.93652344	32.23876953	23.2421875
408.0400001	35	34.9609375	32.17773438	23.22998047
409.4200001	35	34.93652344	32.11669922	23.21777344
410.08	65	34.9609375	32.00683594	23.20556641
411.39	65	64.89257812	31.97021484	23.16894531
412.0500001	65	64.91699219	31.82373047	23.2421875
413.4300001	65	64.91699219	31.75048828	23.2421875
414.08	65	64.89257812	31.72607422	23.26660156
415.4	65	64.89257812	31.67724609	23.29101562
416.0600001	65	64.89257812	31.68945312	23.20556641
417.4400001	65	64.91699219	31.66503906	23.14453125
418.09	65	64.91699219	31.67724609	23.21777344
419.4100001	65	64.91699219	31.640625	23.29101562
420.0700001	35	64.91699219	31.61621094	23.30322266
421.39	35	34.93652344	31.66503906	23.2421875
422.0500001	35	34.9609375	31.65283203	23.27880859
423.4200001	35	34.93652344	31.640625	23.20556641
424.08	35	34.93652344	31.62841797	23.2421875
425.4	35	34.93652344	31.60400391	23.30322266
426.0600001	35	34.93652344	31.65283203	23.36425781
427.4300001	35	34.93652344	31.60400391	23.31542969
428.09	35	34.9609375	31.61621094	23.29101562
429.4100001	35	34.93652344	31.640625	23.2421875
430.0700001	65	34.9609375	31.60400391	23.2421875
431.39	65	64.89257812	31.56738281	23.19335938
432.1	65	64.89257812	31.57958984	23.21777344
433.4200001	65	64.89257812	31.53076172	23.26660156
434.08	65	64.94140625	31.59179688	23.2421875
435.4	65	64.91699219	31.48193359	23.22998047
436.0600001	65	64.91699219	31.4453125	23.18115234
437.4300001	65	64.91699219	31.48193359	23.21777344
438.09	65	64.91699219	31.46972656	23.2421875
439.4100001	65	64.89257812	31.49414062	23.27880859
440.0600001	65	64.91699219	31.50634766	23.30322266
441.38	65	64.91699219	31.46972656	23.30322266
442.1	65	64.94140625	31.54296875	23.20556641
443.4200001	65	64.91699219	31.60400391	23.16894531
444.0700001	65	64.91699219	31.57958984	23.19335938
445.39	65	64.91699219	31.640625	23.22998047
446.0500001	65	64.89257812	31.62841797	23.21777344
447.4200001	65	64.91699219	31.67724609	23.21777344
448.08	65	64.91699219	31.71386719	23.22998047
449.4	65	64.89257812	31.70166016	23.21777344
450.0600001	35	64.91699219	31.73828125	23.18115234
451.4300001	35	34.93652344	31.65283203	23.21777344
452.09	35	34.93652344	31.67724609	23.26660156
453.4100001	35	34.93652344	31.66503906	23.2421875
454.0700001	35	34.93652344	31.71386719	23.27880859
455.39	35	34.93652344	31.75048828	23.15673828
456.1	35	34.93652344	31.76269531	23.13232422
457.4200001	35	34.93652344	31.81152344	23.16894531
458.08	35	34.93652344	31.79931641	23.19335938
459.4	35	34.93652344	31.92138672	23.2421875
460.0600001	65	34.93652344	31.94580078	23.14453125
461.4300001	65	64.89257812	31.98242188	23.20556641
462.09	65	64.91699219	32.00683594	23.19335938
463.4100001	65	64.89257812	32.11669922	23.09570312
464.0700001	65	64.91699219	32.14111328	23.16894531
465.39	65	64.89257812	32.16552734	23.26660156
466.1	65	64.91699219	32.18994141	23.27880859
467.4200001	65	64.91699219	32.18994141	23.30322266
468.08	65	64.89257812	32.17773438	23.27880859
469.39	65	64.91699219	32.17773438	23.35205078
470.0500001	65	64.91699219	32.09228516	23.2421875
471.4300001	65	64.91699219	32.09228516	23.29101562
472.09	65	64.91699219	32.06787109	23.37646484
473.4	65	64.91699219	32.06787109	23.37646484
474.0600001	65	64.91699219	32.09228516	23.33984375
475.38	65	64.91699219	32.08007812	23.32763672
476.1	65	64.89257812	32.05566406	23.25439453
477.4100001	65	64.89257812	32.09228516	23.2421875
478.0700001	65	64.91699219	32.11669922	23.26660156
479.39	65	64.91699219	32.15332031	23.31542969
480.0500001	65	64.91699219	32.12890625	23.30322266
481.4200001	65	64.89257812	32.20214844	23.30322266
482.08	65	64.89257812	32.23876953	23.30322266
483.4	65	64.91699219	32.31201172	23.26660156
484.0600001	65	64.89257812	32.39746094	23.29101562
485.4300001	65	64.89257812	32.43408203	23.30322266
486.09	65	64.91699219	32.49511719	23.41308594
487.4100001	65	64.89257812	32.60498047	23.4375
488.0700001	65	64.91699219	32.62939453	23.40087891
489.39	65	64.91699219	32.66601562	23.36425781
490.1	65	64.91699219	32.69042969	23.35205078
491.4200001	65	64.91699219	32.70263672	23.29101562
492.08	65	64.91699219	32.72705078	23.33984375
493.4	65	64.91699219	32.76367188	23.33984375
494.0600001	65	64.91699219	32.82470703	23.41308594
495.4300001	65	64.91699219	32.83691406	23.38867188
496.09	65	64.91699219	32.86132812	23.37646484
497.4100001	65	64.91699219	32.84912109	23.32763672
498.0700001	65	64.91699219	32.83691406	23.36425781
499.38	65	64.91699219	32.83691406	23.41308594
500.1	35	64.91699219	32.82470703	23.40087891
501.4200001	35	34.93652344	32.83691406	23.40087891
502.08	35	34.9609375	32.82470703	23.42529297
503.39	35	34.93652344	32.82470703	23.36425781
504.0500001	35	34.93652344	32.89794922	23.30322266
505.4300001	35	34.93652344	32.89794922	23.33984375
506.09	35	34.93652344	32.95898438	23.40087891
507.4	35	34.9609375	33.03222656	23.33984375
508.0600001	35	34.93652344	33.04443359	23.36425781
509.38	35	34.93652344	33.12988281	23.37646484
510.09	35	34.9609375	33.11767578	23.31542969
511.4100001	35	34.93652344	33.17871094	23.32763672
512.0700001	35	34.93652344	33.25195312	23.25439453
513.39	35	34.91210938	33.32519531	23.33984375
514.1	35	34.93652344	33.25195312	23.33984375
515.4200001	35	34.93652344	33.21533203	23.36425781
516.08	35	34.93652344	33.28857422	23.36425781
517.4	35	34.93652344	33.30078125	23.32763672
518.0600001	35	34.9609375	33.31298828	23.31542969
519.4300001	35	34.93652344	33.32519531	23.29101562
520.09	65	34.93652344	33.31298828	23.36425781
521.4100001	65	64.91699219	33.25195312	23.38867188
522.0700001	65	64.91699219	33.21533203	23.31542969
523.39	65	64.91699219	33.15429688	23.32763672
524.1	65	64.91699219	33.203125	23.35205078
525.4200001	65	64.91699219	33.06884766	23.32763672
526.08	65	64.91699219	32.99560547	23.31542969
527.4	65	64.89257812	32.94677734	23.35205078
528.0600001	65	64.89257812	32.92236328	23.37646484
529.4300001	65	64.91699219	32.82470703	23.40087891
530.09	65	64.91699219	32.76367188	23.41308594
531.4100001	65	64.91699219	32.70263672	23.36425781
532.0600001	65	64.91699219	32.64160156	23.33984375
533.38	65	64.91699219	32.6171875	23.37646484
534.1	65	64.91699219	32.65380859	23.46191406
535.4200001	65	64.91699219	32.64160156	23.41308594
536.0700001	65	64.91699219	32.71484375	23.42529297
537.39	65	64.89257812	32.70263672	23.41308594
538.0500001	65	64.91699219	32.76367188	23.42529297
539.4200001	65	64.91699219	32.8125	23.35205078
540.08	65	64.91699219	32.83691406	23.41308594
541.4	65	64.91699219	32.87353516	23.47412109
542.0600001	65	64.91699219	32.91015625	23.4375
543.4300001	65	64.89257812	32.99560547	23.47412109
544.09	65	64.89257812	32.98339844	23.47412109
545.4100001	65	64.91699219	33.05664062	23.41308594
546.0700001	65	64.89257812	33.08105469	23.44970703
547.39	65	64.91699219	33.09326172	23.46191406
548.1	65	64.89257812	33.10546875	23.46191406
549.4200001	65	64.91699219	33.11767578	23.49853516
550.08	35	64.89257812	33.19091797	23.48632812
551.4	35	34.93652344	33.19091797	23.51074219
552.0600001	35	34.93652344	33.17871094	23.53515625
553.4300001	35	34.93652344	33.11767578	23.49853516
554.09	35	34.93652344	33.14208984	23.53515625
555.4100001	35	34.93652344	33.09326172	23.54736328
556.0700001	35	34.93652344	33.03222656	23.54736328
557.39	35	34.93652344	32.99560547	23.48632812
558.1	35	34.93652344	33.03222656	23.47412109
559.4200001	35	34.93652344	33.04443359	23.46191406
560.08	35	34.9609375	33.10546875	23.62060547
561.4	35	34.93652344	33.11767578	23.6328125
562.0500001	35	34.93652344	33.15429688	23.68164062
563.4300001	35	34.93652344	33.05664062	23.6328125
564.09	35	34.91210938	33.14208984	23.64501953
565.4	35	34.93652344	33.11767578	23.51074219
566.0600001	35	34.9609375	33.17871094	23.52294922
567.38	35	34.9609375	33.22753906	23.54736328
568.1	35	34.93652344	33.25195312	23.53515625
569.4100001	35	34.9609375	33.30078125	23.58398438
570.0700001	65	34.93652344	33.36181641	23.54736328
571.39	65	64.91699219	33.38623047	23.55957031
572.0500001	65	64.91699219	33.32519531	23.48632812
573.4200001	65	64.91699219	33.34960938	23.49853516
574.08	65	64.91699219	33.32519531	23.47412109
575.4	65	64.91699219	33.27636719	23.51074219
576.0600001	65	64.91699219	33.21533203	23.53515625
577.4300001	65	64.89257812	33.14208984	23.53515625
578.09	65	64.91699219	33.08105469	23.52294922
579.4100001	65	64.91699219	33.05664062	23.53515625
580.0700001	35	64.89257812	32.94677734	23.49853516
581.39	35	34.93652344	32.89794922	23.60839844
582.1	35	34.93652344	32.87353516	23.60839844
583.4200001	35	34.9609375	32.82470703	23.60839844
584.08	35	34.93652344	32.82470703	23.59619141
585.4	35	34.93652344	32.77587891	23.55957031
586.0600001	35	34.93652344	32.67822266	23.52294922
587.4300001	35	34.93652344	32.66601562	23.49853516
588.09	35	34.93652344	32.70263672	23.53515625
589.4100001	35	34.93652344	32.72705078	23.55957031
590.0700001	65	34.93652344	32.65380859	23.58398438
591.38	65	64.89257812	32.66601562	23.54736328
592.1	65	64.91699219	32.73925781	23.52294922
593.4200001	65	64.91699219	32.77587891	23.48632812
594.08	65	64.91699219	32.78808594	23.51074219
595.39	65	64.91699219	32.82470703	23.49853516
596.0500001	65	64.91699219	32.83691406	23.51074219
597.4300001	65	64.91699219	32.84912109	23.49853516
598.09	65	64.91699219	32.80029297	23.55957031
599.4	65	64.91699219	32.83691406	23.51074219
600.0600001	35	64.91699219	32.87353516	23.47412109
601.4400001	35	34.9609375	32.89794922	23.51074219
602.09	35	34.93652344	32.89794922	23.53515625
603.4100001	35	34.9609375	32.91015625	23.51074219
604.0700001	35	34.93652344	32.91015625	23.48632812
605.39	35	34.93652344	32.8125	23.47412109
606.1	35	34.93652344	32.77587891	23.46191406
607.4200001	35	34.93652344	32.73925781	23.42529297
608.08	35	34.93652344	32.64160156	23.49853516
609.45	35	34.93652344	32.69042969	23.44970703
610.1700001	65	34.93652344	32.60498047	23.46191406
611.4300001	65	64.91699219	32.62939453	23.54736328
612.09	65	64.91699219	32.6171875	23.48632812
613.4100001	65	64.89257812	32.60498047	23.48632812
614.0700001	65	64.89257812	32.60498047	23.46191406
615.39	65	64.89257812	32.59277344	23.52294922
616.1	65	64.89257812	32.56835938	23.47412109
617.4200001	65	64.91699219	32.60498047	23.51074219
618.08	65	64.91699219	32.65380859	23.53515625
619.4	65	64.89257812	32.62939453	23.53515625
620.0600001	65	64.91699219	32.70263672	23.42529297
621.4300001	65	64.91699219	32.75146484	23.51074219
622.2	65	64.91699219	32.75146484	23.48632812
623.4100001	65	64.91699219	32.72705078	23.51074219
624.0700001	65	64.91699219	32.71484375	23.52294922
625.4400001	65	64.91699219	32.69042969	23.52294922
626.1	65	64.91699219	32.72705078	23.46191406
627.4200001	65	64.91699219	32.70263672	23.48632812
628.0700001	65	64.91699219	32.66601562	23.52294922
629.39	65	64.91699219	32.66601562	23.55957031
630.0500001	35	64.91699219	32.60498047	23.54736328
631.48	35	34.93652344	32.58056641	23.55957031
632.08	35	34.93652344	32.65380859	23.51074219
633.4	35	34.93652344	32.60498047	23.46191406
634.0600001	35	34.93652344	32.64160156	23.47412109
635.4300001	35	34.93652344	32.66601562	23.47412109
636.09	35	34.9609375	32.69042969	23.47412109
637.4100001	35	34.9609375	32.64160156	23.51074219
638.0700001	35	34.93652344	32.75146484	23.49853516
639.5500001	35	34.93652344	32.82470703	23.40087891
640.1	35	34.93652344	32.83691406	23.38867188
641.4200001	35	34.9609375	32.82470703	23.41308594
642.08	35	34.9609375	32.88574219	23.40087891
643.4	35	34.93652344	32.89794922	23.44970703
644.0600001	35	34.93652344	32.89794922	23.49853516
645.4300001	35	34.93652344	32.92236328	23.46191406
646.09	35	34.93652344	32.86132812	23.42529297
647.4100001	35	34.93652344	32.87353516	23.42529297
648.0700001	35	34.93652344	32.86132812	23.47412109
649.4400001	35	34.9609375	32.77587891	23.4375
650.1	65	34.93652344	32.72705078	23.46191406
651.4200001	65	64.91699219	32.75146484	23.48632812
652.08	65	64.91699219	32.69042969	23.58398438
653.4	65	64.91699219	32.6171875	23.51074219
654.0500001	65	64.91699219	32.59277344	23.52294922
655.4300001	65	64.89257812	32.59277344	23.4375
656.09	65	64.91699219	32.55615234	23.42529297
657.4	65	64.91699219	32.51953125	23.47412109
658.0600001	65	64.89257812	32.50732422	23.57177734
659.4400001	65	64.91699219	32.54394531	23.55957031
660.1	65	64.89257812	32.51953125	23.53515625
661.4100001	65	64.91699219	32.56835938	23.53515625
662.0700001	65	64.89257812	32.59277344	23.55957031
663.39	65	64.91699219	32.58056641	23.53515625
664.11	65	64.89257812	32.60498047	23.48632812
665.4200001	65	64.91699219	32.59277344	23.62060547
666.08	65	64.89257812	32.58056641	23.6328125
667.4	65	64.91699219	32.65380859	23.65722656
668.12	65	64.91699219	32.62939453	23.65722656
669.4300001	65	64.91699219	32.62939453	23.58398438
670.09	35	64.89257812	32.55615234	23.57177734
671.4100001	35	34.93652344	32.48291016	23.57177734
672.0700001	35	34.9609375	32.49511719	23.60839844
673.39	35	34.93652344	32.43408203	23.66943359
674.1	35	34.93652344	32.50732422	23.66943359
675.4200001	35	34.9609375	32.44628906	23.59619141
676.08	35	34.93652344	32.50732422	23.58398438
677.4	35	34.93652344	32.53173828	23.57177734
678.0600001	35	34.93652344	32.51953125	23.51074219
679.4300001	35	34.93652344	32.56835938	23.54736328
680.09	35	34.93652344	32.71484375	23.54736328
681.4100001	35	34.93652344	32.72705078	23.53515625
682.0700001	35	34.93652344	32.73925781	23.57177734
683.4400001	35	34.93652344	32.73925781	23.49853516
684.1	35	34.9609375	32.8125	23.44970703
685.4200001	35	34.93652344	32.86132812	23.49853516
686.08	35	34.93652344	32.91015625	23.49853516
687.39	35	34.93652344	32.87353516	23.59619141
688.11	35	34.93652344	32.84912109	23.60839844
689.4300001	35	34.93652344	32.91015625	23.57177734
690.09	35	34.93652344	32.91015625	23.52294922
691.4	35	34.9609375	32.76367188	23.52294922
692.0600001	35	34.93652344	32.65380859	23.51074219
693.4400001	35	34.93652344	32.62939453	23.49853516
694.1	35	34.93652344	32.51953125	23.58398438
695.4100001	35	34.93652344	32.54394531	23.57177734
696.0700001	35	34.93652344	32.45849609	23.60839844
697.39	35	34.93652344	32.44628906	23.52294922
698.1	35	34.93652344	32.43408203	23.55957031
699.4200001	35	34.93652344	32.37304688	23.48632812
700.08	35	34.93652344	32.34863281	23.59619141
701.4	35	34.93652344	32.37304688	23.58398438
702.0600001	35	34.93652344	32.33642578	23.55957031
703.4300001	35	34.9609375	32.27539062	23.55957031
704.09	35	34.93652344	32.31201172	23.55957031
705.4100001	35	34.93652344	32.26318359	23.51074219
706.0700001	35	34.91210938	32.16552734	23.52294922
707.4400001	35	34.93652344	32.18994141	23.53515625
708.1	35	34.93652344	32.20214844	23.59619141
709.4200001	35	34.93652344	32.11669922	23.59619141
710.08	35	34.93652344	32.10449219	23.58398438
711.4	35	34.93652344	31.99462891	23.59619141
712.0600001	35	34.93652344	31.90917969	23.52294922
713.4300001	35	34.93652344	31.8359375	23.54736328
714.09	35	34.93652344	31.78710938	23.54736328
715.4100001	35	34.9609375	31.76269531	23.58398438
716.0700001	35	34.93652344	31.73828125	23.57177734
717.4400001	35	34.93652344	31.72607422	23.53515625
718.1	35	34.93652344	31.72607422	23.59619141
719.4200001	35	34.93652344	31.68945312	23.55957031
720.0700001	65	34.93652344	31.62841797	23.53515625
721.45	65	64.91699219	31.640625	23.52294922
722.11	65	64.91699219	31.59179688	23.57177734
723.4300001	65	64.89257812	31.57958984	23.65722656
724.08	65	64.91699219	31.53076172	23.66943359
725.4	65	64.91699219	31.56738281	23.62060547
726.0600001	65	64.89257812	31.50634766	23.6328125
727.4300001	65	64.91699219	31.48193359	23.54736328
728.09	65	64.91699219	31.37207031	23.59619141
729.4100001	65	64.91699219	31.31103516	23.62060547
730.0700001	65	64.91699219	31.32324219	23.71826172
731.4400001	65	64.91699219	31.28662109	23.74267578
732.1	65	64.91699219	31.27441406	23.70605469
733.4200001	65	64.91699219	31.28662109	23.66943359
734.08	65	64.91699219	31.34765625	23.62060547
735.4	65	64.91699219	31.42089844	23.60839844
736.0600001	65	64.91699219	31.42089844	23.65722656
737.4300001	65	64.91699219	31.4453125	23.64501953
738.09	65	64.91699219	31.50634766	23.66943359
739.4100001	65	64.89257812	31.56738281	23.71826172
740.0700001	35	64.89257812	31.60400391	23.68164062
741.4400001	35	34.93652344	31.640625	23.68164062
742.1	35	34.93652344	31.640625	23.69384766
743.4200001	35	34.9609375	31.61621094	23.66943359
744.08	35	34.93652344	31.59179688	23.66943359
745.4	35	34.93652344	31.65283203	23.69384766
746.11	35	34.93652344	31.67724609	23.65722656
747.4300001	35	34.93652344	31.67724609	23.66943359
748.09	35	34.9609375	31.67724609	23.60839844
749.4100001	35	34.93652344	31.72607422	23.65722656
750.0600001	65	34.93652344	31.81152344	23.62060547
751.4400001	65	64.91699219	31.82373047	23.6328125
752.1	65	64.89257812	31.84814453	23.60839844
753.4100001	65	64.91699219	31.90917969	23.69384766
754.0700001	65	64.91699219	31.92138672	23.69384766
755.39	65	64.89257812	31.92138672	23.60839844
756.11	65	64.91699219	31.99462891	23.65722656
757.4200001	65	64.91699219	31.94580078	23.6328125
758.08	65	64.91699219	32.00683594	23.65722656
759.4	65	64.91699219	31.98242188	23.71826172
760.0600001	65	64.91699219	31.90917969	23.66943359
761.4300001	65	64.91699219	31.88476562	23.66943359
762.09	65	64.91699219	31.88476562	23.66943359
763.4100001	65	64.91699219	31.84814453	23.60839844
764.0700001	65	64.89257812	31.93359375	23.59619141
765.4400001	65	64.91699219	31.95800781	23.60839844
766.1	65	64.91699219	31.92138672	23.59619141
767.4200001	65	64.91699219	32.01904297	23.68164062
768.08	65	64.91699219	32.08007812	23.60839844
769.45	65	64.91699219	32.14111328	23.62060547
770.11	35	64.91699219	32.11669922	23.52294922
771.4300001	35	34.93652344	32.14111328	23.47412109
772.09	35	34.93652344	32.18994141	23.46191406
773.4100001	35	34.93652344	32.26318359	23.46191406
774.0700001	35	34.93652344	32.32421875	23.51074219
775.4400001	35	34.93652344	32.29980469	23.54736328
776.1	35	34.93652344	32.36083984	23.51074219
777.4200001	35	34.93652344	32.34863281	23.49853516
778.08	35	34.93652344	32.28759766	23.41308594
779.39	35	34.93652344	32.25097656	23.4375
780.11	65	34.93652344	32.26318359	23.49853516
781.4300001	65	64.91699219	32.28759766	23.49853516
782.09	65	64.91699219	32.2265625	23.54736328
783.4	65	64.89257812	32.26318359	23.53515625
784.0600001	65	64.91699219	32.21435547	23.47412109
785.4400001	65	64.91699219	32.25097656	23.4375
786.1	65	64.91699219	32.28759766	23.4375
787.4100001	65	64.91699219	32.36083984	23.42529297
788.0700001	65	64.89257812	32.36083984	23.49853516
789.45	65	64.89257812	32.39746094	23.51074219
790.1	35	64.89257812	32.38525391	23.53515625
791.4200001	35	34.93652344	32.39746094	23.47412109
792.08	35	34.93652344	32.38525391	23.46191406
793.4	35	34.93652344	32.421875	23.41308594
794.11	35	34.93652344	32.43408203	23.42529297
795.4300001	35	34.93652344	32.36083984	23.48632812
796.09	35	34.93652344	32.38525391	23.48632812
797.4100001	35	34.93652344	32.32421875	23.53515625
798.0700001	35	34.93652344	32.36083984	23.48632812
799.4400001	35	34.93652344	32.31201172	23.46191406
800.1	65	34.93652344	32.33642578	23.49853516
801.4200001	65	64.89257812	32.36083984	23.60839844
802.08	65	64.89257812	32.33642578	23.47412109
803.4	65	64.91699219	32.33642578	23.47412109
804.11	65	64.89257812	32.37304688	23.53515625
805.4300001	65	64.91699219	32.33642578	23.47412109
806.09	65	64.91699219	32.44628906	23.48632812
807.4100001	65	64.91699219	32.48291016	23.48632812
808.0700001	65	64.91699219	32.53173828	23.47412109
809.4400001	65	64.91699219	32.56835938	23.47412109
810.1	65	64.91699219	32.55615234	23.51074219
811.4200001	65	64.91699219	32.54394531	23.52294922
812.08	65	64.91699219	32.48291016	23.59619141
813.39	65	64.89257812	32.45849609	23.52294922
814.11	65	64.89257812	32.421875	23.49853516
815.4300001	65	64.89257812	32.43408203	23.46191406
816.08	65	64.91699219	32.40966797	23.52294922
817.4	65	64.89257812	32.36083984	23.55957031
818.0600001	65	64.91699219	32.32421875	23.51074219
819.4400001	65	64.91699219	32.421875	23.49853516
820.09	65	64.89257812	32.37304688	23.51074219
821.4100001	65	64.91699219	32.421875	23.48632812
822.0700001	65	64.91699219	32.44628906	23.42529297
823.4400001	65	64.91699219	32.53173828	23.49853516
824.1	65	64.91699219	32.56835938	23.48632812
825.4200001	65	64.89257812	32.71484375	23.51074219
826.08	65	64.91699219	32.72705078	23.49853516
827.45	65	64.89257812	32.73925781	23.48632812
828.11	65	64.91699219	32.86132812	23.47412109
829.4300001	65	64.91699219	32.83691406	23.44970703
830.09	35	64.91699219	32.82470703	23.36425781
831.4100001	35	34.93652344	32.88574219	23.41308594
832.0700001	35	34.93652344	32.84912109	23.4375
833.4400001	35	34.93652344	32.84912109	23.42529297
834.1	35	34.93652344	32.86132812	23.48632812
835.4200001	35	34.9609375	32.83691406	23.44970703
836.08	35	34.93652344	32.80029297	23.42529297
837.45	35	34.93652344	32.75146484	23.44970703
838.11	35	34.93652344	32.78808594	23.40087891
839.4300001	35	34.93652344	32.72705078	23.36425781
840.09	65	34.93652344	32.78808594	23.37646484
841.4100001	65	64.89257812	32.80029297	23.48632812
842.0600001	65	64.94140625	32.91015625	23.48632812
843.4400001	65	64.91699219	32.97119141	23.47412109
844.1	65	64.91699219	33.03222656	23.38867188
845.4100001	65	64.91699219	33.10546875	23.33984375
846.0700001	65	64.91699219	33.12988281	23.33984375
847.45	65	64.91699219	33.16650391	23.40087891
848.11	65	64.91699219	33.15429688	23.42529297
849.4200001	65	64.91699219	33.16650391	23.42529297
850.08	35	64.91699219	33.14208984	23.51074219
851.4	35	34.93652344	33.12988281	23.47412109
852.0600001	35	34.93652344	33.12988281	23.47412109
853.4300001	35	34.93652344	33.15429688	23.42529297
854.09	35	34.93652344	33.05664062	23.42529297
855.4100001	35	34.93652344	33.05664062	23.41308594
856.0700001	35	34.93652344	33.0078125	23.4375
857.4400001	35	34.93652344	32.98339844	23.51074219
858.1	35	34.91210938	33.0078125	23.4375
859.4200001	35	34.93652344	32.91015625	23.42529297
860.08	35	34.9609375	32.84912109	23.41308594
861.4	35	34.9609375	32.87353516	23.4375
862.11	35	34.93652344	32.95898438	23.40087891
863.4300001	35	34.9609375	32.97119141	23.4375
864.09	35	34.91210938	32.94677734	23.51074219
865.4100001	35	34.93652344	33.05664062	23.51074219
866.0700001	35	34.93652344	33.02001953	23.52294922
867.4400001	35	34.93652344	33.08105469	23.44970703
868.1	35	34.93652344	33.04443359	23.41308594
869.4200001	35	34.93652344	33.08105469	23.46191406
870.08	35	34.9609375	33.04443359	23.44970703
871.45	35	34.93652344	32.99560547	23.47412109
872.11	35	34.9609375	32.95898438	23.41308594
873.4300001	35	34.93652344	32.88574219	23.42529297
874.09	35	34.93652344	32.8125	23.44970703
875.4	35	34.93652344	32.70263672	23.35205078
876.12	35	34.93652344	32.64160156	23.30322266
877.4400001	35	34.9609375	32.6171875	23.41308594
878.1	35	34.93652344	32.58056641	23.36425781
879.4100001	35	34.93652344	32.55615234	23.4375
880.0700001	65	34.93652344	32.49511719	23.47412109
881.45	65	64.91699219	32.48291016	23.46191406
882.11	65	64.89257812	32.47070312	23.52294922
883.4200001	65	64.91699219	32.43408203	23.46191406
884.08	65	64.94140625	32.43408203	23.38867188
885.4	65	64.91699219	32.47070312	23.4375
886.11	65	64.91699219	32.421875	23.4375
887.4300001	65	64.91699219	32.44628906	23.42529297
888.09	65	64.89257812	32.43408203	23.46191406
889.4100001	65	64.89257812	32.45849609	23.51074219
890.0700001	65	64.89257812	32.421875	23.52294922
891.4400001	65	64.89257812	32.40966797	23.49853516
892.1	65	64.91699219	32.34863281	23.47412109
893.4200001	65	64.91699219	32.27539062	23.54736328
894.08	65	64.91699219	32.2265625	23.51074219
895.45	65	64.89257812	32.17773438	23.57177734
896.11	65	64.91699219	32.14111328	23.64501953
897.4300001	65	64.91699219	32.17773438	23.62060547
899.1900001	65	64.91699219	32.11669922	23.62060547
899.46	65	64.91699219	32.17773438	23.55957031
900.12	35	64.91699219	32.23876953	23.55957031
901.88	35	64.91699219	32.31201172	23.53515625
902.21	35	34.93652344	32.34863281	23.60839844
903.4200001	35	34.93652344	32.43408203	23.65722656
904.08	35	34.93652344	32.40966797	23.64501953
905.45	35	34.93652344	32.43408203	23.6328125
906.11	35	34.93652344	32.47070312	23.62060547
908.14	35	34.93652344	32.44628906	23.58398438
908.36	35	34.93652344	32.43408203	23.59619141
910.23	35	34.93652344	32.47070312	23.54736328
910.5600001	35	34.93652344	32.43408203	23.54736328
912.2	35	34.93652344	32.38525391	23.64501953
912.4200001	35	34.93652344	32.34863281	23.65722656
913.4100001	35	34.93652344	32.39746094	23.65722656
914.0700001	35	34.93652344	32.38525391	23.59619141
915.4400001	35	34.93652344	32.43408203	23.58398438
916.1	35	34.93652344	32.53173828	23.55957031
917.4200001	35	34.93652344	32.53173828	23.58398438
918.08	35	34.93652344	32.59277344	23.64501953
919.4	35	34.93652344	32.62939453	23.69384766
920.11	65	34.93652344	32.62939453	23.66943359
921.4300001	65	64.91699219	32.60498047	23.68164062
923.3000001	65	64.91699219	32.65380859	23.6328125
923.5700001	65	64.89257812	32.54394531	23.60839844
924.0700001	65	64.91699219	32.47070312	23.59619141
925.88	65	64.91699219	32.50732422	23.62060547
926.1600001	65	64.89257812	32.31201172	23.6328125
927.4200001	65	64.89257812	32.29980469	23.64501953
929.23	65	64.91699219	32.25097656	23.65722656
929.51	65	64.91699219	32.2265625	23.62060547
930.11	35	64.91699219	32.15332031	23.59619141
931.4300001	35	34.93652344	32.18994141	23.62060547
932.09	35	34.9609375	32.21435547	23.54736328
934.39	35	34.93652344	32.25097656	23.64501953
934.61	35	34.93652344	32.31201172	23.62060547
935.4400001	35	34.93652344	32.37304688	23.70605469
936.1	35	34.9609375	32.421875	23.60839844
937.4200001	35	34.93652344	32.43408203	23.6328125
938.0700001	35	34.93652344	32.45849609	23.59619141
939.5	35	34.93652344	32.421875	23.64501953
940.11	35	34.91210938	32.40966797	23.66943359
942.9100001	35	34.93652344	32.39746094	23.68164062
943.1800001	35	34.93652344	32.36083984	23.66943359
943.46	35	34.93652344	32.32421875	23.69384766
945.38	35	34.93652344	32.27539062	23.66943359
945.65	35	34.93652344	32.2265625	23.65722656
946.09	35	34.93652344	32.20214844	23.66943359
948.02	35	34.93652344	32.25097656	23.6328125
948.4	35	34.93652344	32.23876953	23.59619141
949.4400001	35	34.93652344	32.23876953	23.64501953
950.65	35	34.93652344	32.31201172	23.71826172
951.4200001	35	34.9609375	32.33642578	23.70605469
952.08	35	34.93652344	32.28759766	23.65722656
953.45	35	34.93652344	32.26318359	23.65722656
954.11	35	34.93652344	32.28759766	23.62060547
955.4300001	35	34.9609375	32.23876953	23.64501953
956.09	35	34.93652344	32.10449219	23.62060547
957.4100001	35	34.93652344	32.06787109	23.66943359
958.0700001	35	34.93652344	31.92138672	23.68164062
959.4400001	35	34.93652344	31.86035156	23.59619141
960.1	65	34.93652344	31.77490234	23.57177734
961.4200001	65	64.91699219	31.79931641	23.49853516
962.08	65	64.91699219	31.71386719	23.51074219
963.45	65	64.91699219	31.77490234	23.46191406
964.11	65	64.91699219	31.75048828	23.4375
965.4300001	65	64.89257812	31.75048828	23.54736328
966.09	65	64.91699219	31.79931641	23.53515625
967.4	65	64.91699219	31.78710938	23.49853516
968.12	65	64.91699219	31.76269531	23.42529297
969.4400001	65	64.91699219	31.77490234	23.40087891
970.1	35	64.91699219	31.72607422	23.4375
971.4100001	35	34.93652344	31.72607422	23.41308594
972.0700001	35	34.93652344	31.66503906	23.42529297
973.45	35	34.93652344	31.68945312	23.47412109
974.11	35	34.93652344	31.65283203	23.48632812
975.4200001	35	34.93652344	31.65283203	23.48632812
976.08	35	34.91210938	31.67724609	23.42529297
977.4	35	34.93652344	31.73828125	23.51074219
978.11	35	34.93652344	31.82373047	23.48632812
979.4300001	35	34.93652344	31.76269531	23.47412109
980.09	35	34.93652344	31.86035156	23.42529297
981.4100001	35	34.93652344	31.8359375	23.46191406
982.12	35	34.93652344	31.8359375	23.53515625
983.4400001	35	34.93652344	31.8359375	23.52294922
984.1	35	34.93652344	31.75048828	23.48632812
985.4200001	35	34.93652344	31.65283203	23.47412109
986.08	35	34.93652344	31.67724609	23.44970703
987.45	35	34.93652344	31.57958984	23.44970703
988.11	35	34.93652344	31.54296875	23.51074219
989.4300001	35	34.93652344	31.46972656	23.53515625
990.09	35	34.93652344	31.50634766	23.52294922
991.4100001	35	34.9609375	31.54296875	23.48632812
992.12	35	34.93652344	31.60400391	23.53515625
993.4400001	35	34.93652344	31.60400391	23.53515625
994.1	35	34.93652344	31.640625	23.52294922
995.4200001	35	34.93652344	31.59179688	23.49853516
996.08	35	34.93652344	31.57958984	23.53515625
997.45	35	34.93652344	31.59179688	23.53515625
998.11	35	34.93652344	31.53076172	23.59619141
999.4300001	35	34.93652344	31.49414062	23.57177734
1000.09	35	34.93652344	31.4453125	23.64501953
1001.46	35	34.93652344	31.42089844	23.58398438
1002.12	35	34.93652344	31.37207031	23.58398438
1003.44	35	34.9609375	31.35986328	23.59619141
1004.09	35	34.9609375	31.38427734	23.6328125
1005.41	35	34.93652344	31.37207031	23.64501953
1006.07	35	34.9609375	31.32324219	23.65722656
1007.45	35	34.93652344	31.29882812	23.70605469
1008.1	35	34.93652344	31.27441406	23.62060547
1009.42	35	34.93652344	31.28662109	23.58398438
1010.08	35	34.93652344	31.18896484	23.57177734
1011.45	35	34.93652344	31.18896484	23.59619141
1012.11	35	34.93652344	31.06689453	23.59619141
1013.43	35	34.93652344	31.09130859	23.6328125
1014.09	35	34.93652344	31.06689453	23.6328125
1015.41	35	34.93652344	31.0546875	23.68164062
1016.12	35	34.93652344	31.09130859	23.64501953
1017.44	35	34.93652344	31.01806641	23.54736328
1018.1	35	34.93652344	31.00585938	23.47412109
1019.42	35	34.91210938	30.95703125	23.47412109
1020.08	35	34.93652344	30.95703125	23.49853516
1021.45	35	34.93652344	30.92041016	23.4375
1022.11	35	34.93652344	30.90820312	23.46191406
1023.43	35	34.93652344	30.89599609	23.54736328
1024.09	35	34.9609375	30.72509766	23.51074219
1025.41	35	34.93652344	30.6640625	23.42529297
1026.12	35	34.9609375	30.67626953	23.42529297
1027.44	35	34.93652344	30.65185547	23.37646484
1028.1	35	34.93652344	30.6640625	23.52294922
1029.42	35	34.93652344	30.6640625	23.46191406
1030.07	65	34.93652344	30.68847656	23.49853516
1031.45	65	64.91699219	30.70068359	23.48632812
1032.11	65	64.91699219	30.70068359	23.53515625
1033.42	65	64.91699219	30.70068359	23.53515625
1034.08	65	64.94140625	30.67626953	23.41308594
1035.46	65	64.89257812	30.55419922	23.4375
1036.12	65	64.91699219	30.51757812	23.4375
1037.43	65	64.89257812	30.49316406	23.4375
1038.09	65	64.91699219	30.48095703	23.46191406
1039.41	65	64.91699219	30.44433594	23.53515625
1040.13	35	64.91699219	30.46875	23.51074219
1041.44	35	34.93652344	30.51757812	23.53515625
1042.1	35	34.9609375	30.56640625	23.46191406
1043.42	35	34.93652344	30.62744141	23.42529297
1044.08	35	34.93652344	30.62744141	23.36425781
1045.45	35	34.9609375	30.61523438	23.47412109
1046.11	35	34.93652344	30.63964844	23.42529297
1047.43	35	34.9609375	30.52978516	23.47412109
1048.09	35	34.98535156	30.57861328	23.52294922
1049.41	35	34.93652344	30.57861328	23.49853516
1050.12	35	34.9609375	30.56640625	23.41308594
1051.44	35	34.93652344	30.52978516	23.41308594
1052.1	35	34.93652344	30.59082031	23.36425781
1053.42	35	34.93652344	30.63964844	23.35205078
1054.08	35	34.93652344	30.70068359	23.47412109
1055.45	35	34.93652344	30.78613281	23.49853516
1056.11	35	34.93652344	30.79833984	23.46191406
1057.43	35	34.91210938	30.74951172	23.4375
1058.09	35	34.93652344	30.60302734	23.42529297
1059.4	35	34.93652344	30.62744141	23.38867188
1060.12	65	34.93652344	30.60302734	23.44970703
1061.44	65	64.89257812	30.57861328	23.4375
1062.1	65	64.91699219	30.65185547	23.42529297
1063.41	65	64.89257812	30.65185547	23.48632812
1064.07	65	64.91699219	30.6640625	23.49853516
1065.45	65	64.91699219	30.70068359	23.49853516
1066.11	65	64.91699219	30.76171875	23.46191406
1067.42	65	64.91699219	30.6640625	23.4375
1068.08	65	64.91699219	30.67626953	23.40087891
1069.46	65	64.91699219	30.62744141	23.38867188
1070.12	35	64.91699219	30.6640625	23.48632812
1071.43	35	34.93652344	30.60302734	23.44970703
1072.09	35	34.93652344	30.62744141	23.47412109
1073.47	35	34.93652344	30.60302734	23.51074219
1074.07	35	34.93652344	30.70068359	23.47412109
1075.44	35	34.93652344	30.72509766	23.47412109
1076.1	35	34.93652344	30.82275391	23.38867188
1077.42	35	34.93652344	30.84716797	23.42529297
1078.08	35	34.9609375	30.859375	23.47412109
1079.45	35	34.93652344	30.81054688	23.55957031
1080.11	35	34.93652344	30.81054688	23.49853516
1081.43	35	34.93652344	30.76171875	23.55957031
1082.09	35	34.91210938	30.78613281	23.47412109
1083.41	35	34.93652344	30.76171875	23.44970703
1084.12	35	34.9609375	30.77392578	23.49853516
1085.44	35	34.93652344	30.82275391	23.40087891
1086.1	35	34.93652344	30.88378906	23.42529297
1087.42	35	34.93652344	30.87158203	23.47412109
1088.08	35	34.93652344	30.99365234	23.54736328
1089.45	35	34.93652344	30.93261719	23.55957031
1090.11	65	34.93652344	30.90820312	23.57177734
1091.48	65	64.89257812	30.87158203	23.53515625
1092.09	65	64.91699219	30.859375	23.4375
1093.46	65	64.91699219	30.74951172	23.44970703
1094.12	65	64.89257812	30.71289062	23.44970703
1095.44	65	64.91699219	30.60302734	23.4375
1096.09	65	64.91699219	30.71289062	23.46191406
1097.41	65	64.91699219	30.78613281	23.48632812
1098.13	65	64.91699219	30.83496094	23.46191406
1099.45	65	64.89257812	30.83496094	23.41308594
1100.1	65	64.91699219	30.83496094	23.38867188
1101.42	65	64.89257812	30.83496094	23.38867188
1102.08	65	64.89257812	30.79833984	23.35205078
1103.45	65	64.91699219	30.77392578	23.42529297
1104.11	65	64.89257812	30.73730469	23.51074219
1105.43	65	64.91699219	30.76171875	23.49853516
1106.09	65	64.91699219	30.859375	23.47412109
1107.41	65	64.89257812	30.89599609	23.47412109
1108.12	65	64.89257812	31.01806641	23.46191406
1109.44	65	64.91699219	31.14013672	23.46191406
1110.1	35	64.89257812	31.21337891	23.53515625
1111.42	35	34.93652344	31.22558594	23.62060547
1112.08	35	34.9609375	31.26220703	23.59619141
1113.45	35	34.93652344	31.31103516	23.66943359
1114.11	35	34.93652344	31.32324219	23.74267578
1115.43	35	34.93652344	31.33544922	23.66943359
1116.09	35	34.93652344	31.38427734	23.70605469
1117.41	35	34.93652344	31.40869141	23.76708984
1118.12	35	34.93652344	31.35986328	23.69384766
1119.44	35	34.93652344	31.4453125	23.81591797
1120.1	65	34.93652344	31.4453125	23.80371094
1121.42	65	64.91699219	31.55517578	23.85253906
1122.07	65	64.91699219	31.60400391	23.76708984
1123.45	65	64.91699219	31.65283203	23.81591797
1124.11	65	64.91699219	31.68945312	23.828125
1125.43	65	64.91699219	31.66503906	23.70605469
1126.08	65	64.91699219	31.67724609	23.71826172
1127.46	65	64.91699219	31.640625	23.81591797
1128.12	65	64.91699219	31.67724609	23.828125
1129.43	65	64.89257812	31.640625	23.79150391
1130.09	35	64.91699219	31.62841797	23.79150391
1131.41	35	34.93652344	31.61621094	23.74267578
1132.07	35	34.93652344	31.59179688	23.77929688
1133.44	35	34.93652344	31.67724609	23.74267578
1134.43	35	34.93652344	31.75048828	23.71826172
1135.42	35	34.9609375	31.66503906	23.74267578
1136.08	35	34.93652344	31.73828125	23.70605469
1137.45	35	34.9609375	31.8359375	23.79150391
1138.11	35	34.93652344	31.86035156	23.71826172
1139.43	35	34.93652344	31.78710938	23.66943359
1140.09	35	34.93652344	31.78710938	23.74267578
1141.46	35	34.93652344	31.81152344	23.64501953
1142.12	35	34.9609375	31.73828125	23.62060547
1143.44	35	34.9609375	31.79931641	23.60839844
1144.1	35	34.9609375	31.75048828	23.66943359
1145.42	35	34.93652344	31.8359375	23.68164062
1146.08	35	34.93652344	31.86035156	23.66943359
1147.45	35	34.93652344	31.89697266	23.62060547
1148.11	35	34.9609375	31.86035156	23.6328125
1149.43	35	34.9609375	31.97021484	23.64501953
1150.09	65	34.93652344	31.90917969	23.60839844
1151.46	65	64.91699219	31.93359375	23.6328125
1152.12	65	64.89257812	31.92138672	23.62060547
1153.44	65	64.89257812	31.84814453	23.6328125
1154.1	65	64.91699219	31.78710938	23.66943359
1155.41	65	64.91699219	31.77490234	23.62060547
1156.13	65	64.91699219	31.62841797	23.62060547
1157.45	65	64.91699219	31.57958984	23.53515625
1158.11	65	64.91699219	31.61621094	23.52294922
1159.42	65	64.91699219	31.60400391	23.51074219
1160.08	65	64.91699219	31.60400391	23.54736328
1161.46	65	64.89257812	31.61621094	23.57177734
1162.12	65	64.91699219	31.62841797	23.59619141
1163.43	65	64.91699219	31.71386719	23.55957031
1164.09	65	64.89257812	31.73828125	23.54736328
1165.41	65	64.89257812	31.75048828	23.52294922
1166.12	65	64.91699219	31.75048828	23.54736328
1167.44	65	64.91699219	31.65283203	23.52294922
1168.1	65	64.91699219	31.68945312	23.52294922
1169.42	65	64.91699219	31.66503906	23.54736328
1170.08	65	64.91699219	31.68945312	23.57177734
1171.45	65	64.91699219	31.68945312	23.59619141
1172.11	65	64.91699219	31.68945312	23.49853516
1173.43	65	64.91699219	31.73828125	23.53515625
1174.09	65	64.91699219	31.86035156	23.47412109
1175.41	65	64.91699219	31.90917969	23.46191406
1176.12	65	64.91699219	31.94580078	23.51074219
1177.44	65	64.91699219	32.03125	23.51074219
1178.1	65	64.91699219	32.05566406	23.53515625
1179.42	65	64.89257812	32.09228516	23.57177734
1180.13	65	64.91699219	32.11669922	23.58398438
1181.45	65	64.91699219	32.09228516	23.49853516
1182.11	65	64.89257812	32.10449219	23.53515625
1183.43	65	64.91699219	32.11669922	23.46191406
1184.09	65	64.91699219	32.14111328	23.47412109
1185.46	65	64.89257812	32.17773438	23.51074219
1186.12	65	64.91699219	32.2265625	23.58398438
1187.44	65	64.91699219	32.26318359	23.6328125
1188.1	65	64.89257812	32.37304688	23.60839844
1189.41	65	64.89257812	32.43408203	23.60839844
1190.13	35	64.89257812	32.49511719	23.55957031
1191.45	35	34.93652344	32.55615234	23.54736328
1192.1	35	34.93652344	32.64160156	23.54736328
1193.42	35	34.93652344	32.62939453	23.54736328
1194.08	35	34.93652344	32.67822266	23.60839844
1195.46	35	34.93652344	32.6171875	23.64501953
1196.11	35	34.93652344	32.71484375	23.64501953
1197.43	35	34.93652344	32.71484375	23.60839844
1198.09	35	34.93652344	32.72705078	23.64501953
1199.41	35	34.93652344	32.73925781	23.59619141
1200.12	65	34.93652344	32.70263672	23.58398438
1201.44	65	64.89257812	32.82470703	23.58398438
1202.1	65	64.91699219	32.82470703	23.59619141
1203.42	65	64.91699219	32.88574219	23.64501953
1204.08	65	64.91699219	33.02001953	23.6328125
1205.45	65	64.89257812	32.99560547	23.69384766
1206.11	65	64.91699219	32.97119141	23.68164062
1207.43	65	64.91699219	32.88574219	23.69384766
1208.09	65	64.91699219	32.88574219	23.58398438
1209.46	65	64.91699219	32.88574219	23.64501953
1210.12	65	64.89257812	32.75146484	23.66943359
1211.44	65	64.89257812	32.78808594	23.68164062
1212.1	65	64.91699219	32.77587891	23.62060547
1213.42	65	64.89257812	32.80029297	23.60839844
1214.07	65	64.91699219	32.73925781	23.6328125
1215.45	65	64.89257812	32.71484375	23.60839844
1216.11	65	64.91699219	32.73925781	23.59619141
1217.43	65	64.91699219	32.8125	23.58398438
1218.08	65	64.89257812	32.73925781	23.58398438
1219.46	65	64.91699219	32.83691406	23.68164062
1220.12	65	64.89257812	32.95898438	23.68164062
1221.43	65	64.91699219	33.0078125	23.66943359
1222.09	65	64.89257812	33.02001953	23.60839844
1223.47	65	64.91699219	33.05664062	23.68164062
1224.13	65	64.91699219	33.12988281	23.65722656
1225.44	65	64.89257812	33.16650391	23.60839844
1226.1	65	64.91699219	33.15429688	23.62060547
1227.42	65	64.89257812	33.203125	23.6328125
1228.08	65	64.91699219	33.15429688	23.59619141
1229.45	65	64.89257812	33.19091797	23.60839844
1230.11	35	64.89257812	33.26416016	23.57177734
1231.43	35	34.93652344	33.27636719	23.58398438
1232.09	35	34.93652344	33.32519531	23.52294922
1233.46	35	34.93652344	33.32519531	23.60839844
1234.12	35	34.93652344	33.37402344	23.55957031
1235.44	35	34.93652344	33.48388672	23.6328125
1236.1	35	34.91210938	33.53271484	23.64501953
1237.42	35	34.93652344	33.56933594	23.68164062
1238.13	35	34.93652344	33.59375	23.69384766
1239.45	35	34.93652344	33.55712891	23.6328125
1240.11	35	34.93652344	33.55712891	23.65722656
1241.43	35	34.9609375	33.56933594	23.6328125
1242.09	35	34.9609375	33.55712891	23.59619141
1243.46	35	34.93652344	33.50830078	23.57177734
1244.12	35	34.93652344	33.49609375	23.60839844
1245.44	35	34.9609375	33.43505859	23.68164062
1246.1	35	34.9609375	33.43505859	23.70605469
1247.41	35	34.93652344	33.42285156	23.6328125
1248.13	35	34.9609375	33.36181641	23.68164062
1249.45	35	34.9609375	33.33740234	23.68164062
1250.11	35	34.93652344	33.38623047	23.66943359
1251.42	35	34.91210938	33.3984375	23.69384766
1252.08	35	34.93652344	33.36181641	23.70605469
1253.46	35	34.93652344	33.37402344	23.75488281
1254.12	35	34.93652344	33.41064453	23.71826172
1255.43	35	34.93652344	33.43505859	23.65722656
1256.09	35	34.93652344	33.43505859	23.66943359
1257.47	35	34.93652344	33.37402344	23.65722656
1258.13	35	34.93652344	33.30078125	23.66943359
1259.44	35	34.9609375	33.23974609	23.59619141
1260.1	35	34.9609375	33.203125	23.68164062
1261.42	35	34.93652344	33.14208984	23.70605469
1262.08	35	34.93652344	33.0078125	23.68164062
1263.45	35	34.9609375	33.02001953	23.69384766
1264.11	35	34.93652344	32.93457031	23.59619141
1265.43	35	34.93652344	32.89794922	23.57177734
1266.09	35	34.9609375	32.87353516	23.58398438
1267.46	35	34.9609375	32.88574219	23.55957031
1268.12	35	34.93652344	32.91015625	23.60839844
1269.44	35	34.93652344	32.8125	23.6328125
1270.1	35	34.93652344	32.8125	23.66943359
