  2.3490566e+001
  2.3404745e+001
  2.3440994e+001
  2.3428415e+001
  2.3440250e+001
  2.3427671e+001
  2.3354057e+001
  2.3365892e+001
  2.3402141e+001
  2.3426183e+001
  2.3376983e+001
  2.3413232e+001
  2.3400654e+001
  2.3363661e+001
  2.3399910e+001
  2.3448366e+001
  2.3484615e+001
  2.3435415e+001
  2.3435043e+001
  2.3385843e+001
  2.3409885e+001
  2.3397306e+001
  2.3360313e+001
  2.3384355e+001
  2.3371776e+001
  2.3334783e+001
  2.3395447e+001
  2.3407282e+001
  2.3406910e+001
  2.3308882e+001
  2.3418373e+001
  2.3356966e+001
  2.3356594e+001
  2.3368429e+001
  2.3343643e+001
  2.3428720e+001
  2.3281864e+001
  2.3342527e+001
  2.3403191e+001
  2.3378405e+001
  2.3341412e+001
  2.3328833e+001
  2.3316254e+001
  2.3303675e+001
  2.3303303e+001
  2.3327345e+001
  2.3278145e+001
  2.3302187e+001
  2.3228573e+001
  2.3277029e+001
  2.3264450e+001
  2.3251871e+001
  2.3349156e+001
  2.3312162e+001
  2.3226341e+001
  2.3250383e+001
  2.3250012e+001
  2.3347296e+001
  2.3261475e+001
  2.3261103e+001
  2.3224110e+001
  2.3309187e+001
  2.3357643e+001
  2.3320650e+001
  2.3308071e+001
  2.3283285e+001
  2.3270706e+001
  2.3282541e+001
  2.3318791e+001
  2.3318419e+001
  2.3293633e+001
  2.3281054e+001
  2.3305096e+001
  2.3304724e+001
  2.3389801e+001
  2.3352808e+001
  2.3413472e+001
  2.3400893e+001
  2.3376107e+001
  2.3412356e+001
  2.3411984e+001
  2.3338370e+001
  2.3350205e+001
  2.3301005e+001
  2.3337254e+001
  2.3446745e+001
  2.3336510e+001
  2.3360552e+001
  2.3421215e+001
  2.3408637e+001
  2.3383851e+001
  2.3334650e+001
  2.3395314e+001
  2.3370528e+001
  2.3345742e+001
  2.3381991e+001
  2.3430447e+001
  2.3491110e+001
  2.3490738e+001
  2.3441538e+001
  2.3441166e+001
  2.3428588e+001
  2.3489251e+001
  2.3501086e+001
  2.3525128e+001
  2.3500342e+001
  2.3451142e+001
  2.3450770e+001
  2.3462605e+001
  2.3474440e+001
  2.3449654e+001
  2.3473696e+001
  2.3436703e+001
  2.3472953e+001
  2.3521409e+001
  2.3508830e+001
  2.3520665e+001
  2.3471465e+001
  2.3483300e+001
  2.3507342e+001
  2.3629041e+001
  2.3616462e+001
  2.3555054e+001
  2.3579097e+001
  2.3542104e+001
  2.3492904e+001
  2.3529153e+001
  2.3516574e+001
  2.3516202e+001
  2.3528037e+001
  2.3491044e+001
  2.3551707e+001
  2.3563542e+001
  2.3526549e+001
  2.3513970e+001
  2.3525805e+001
  2.3464398e+001
  2.3512855e+001
  2.3500276e+001
  2.3463283e+001
  2.3450704e+001
  2.3425918e+001
  2.3413339e+001
  2.3449588e+001
  2.3546872e+001
  2.3522086e+001
  2.3460679e+001
  2.3423686e+001
  2.3496556e+001
  2.3532806e+001
  2.3508020e+001
  2.3544269e+001
  2.3470655e+001
  2.3458076e+001
  2.3555360e+001
  2.3506160e+001
  2.3591237e+001
  2.3505416e+001
  2.3541665e+001
  2.3492465e+001
  2.3455472e+001
  2.3516135e+001
  2.3491349e+001
  2.3478770e+001
  2.3453984e+001
  2.3392577e+001
  2.3428827e+001
  2.3428455e+001
  2.3501325e+001
  2.3452125e+001
  2.3488374e+001
  2.3402553e+001
  2.3402181e+001
  2.3450637e+001
  2.3474679e+001
  2.3474307e+001
  2.3461728e+001
  2.3363700e+001
  2.3338914e+001
  2.3375163e+001
  2.3374792e+001
  2.3447662e+001
  2.3410669e+001
  2.3373676e+001
  2.3312269e+001
  2.3360725e+001
  2.3348146e+001
  2.3372188e+001
  2.3384023e+001
  2.3310409e+001
  2.3334451e+001
  2.3334079e+001
  2.3406950e+001
  2.3382164e+001
  2.3345171e+001
  2.3308178e+001
  2.3344427e+001
  2.3380676e+001
  2.3380304e+001
  2.3440967e+001
  2.3416181e+001
  2.3342567e+001
  2.3391023e+001
  2.3317409e+001
  2.3390279e+001
  2.3438736e+001
  2.3352914e+001
  2.3376957e+001
  2.3339964e+001
  2.3364006e+001
  2.3400255e+001
  2.3375469e+001
  2.3387304e+001
  2.3362518e+001
  2.3362146e+001
  2.3373981e+001
  2.3398023e+001
  2.3409858e+001
  2.3421694e+001
  2.3396908e+001
  2.3311086e+001
  2.3310715e+001
  2.3359171e+001
  2.3371006e+001
  2.3346220e+001
  2.3345848e+001
  2.3296648e+001
  2.3345104e+001
  2.3356939e+001
  2.3356567e+001
  2.3356195e+001
  2.3368030e+001
  2.3367659e+001
  2.3342873e+001
  2.3391329e+001
  2.3488613e+001
  2.3414999e+001
  2.3475662e+001
  2.3450876e+001
  2.3352848e+001
  2.3437925e+001
  2.3535210e+001
  2.3547045e+001
  2.3449017e+001
  2.3424231e+001
  2.3436066e+001
  2.3423487e+001
  2.3459736e+001
  2.3422743e+001
  2.3446785e+001
  2.3470827e+001
  2.3433834e+001
  2.3433462e+001
  2.3494125e+001
  2.3542582e+001
  2.3493382e+001
  2.3529631e+001
  2.3504845e+001
  2.3480059e+001
  2.3577343e+001
  2.3552557e+001
  2.3564392e+001
  2.3490778e+001
  2.3417164e+001
  2.3465620e+001
  2.3465248e+001
  2.3513705e+001
  2.3513333e+001
  2.3439719e+001
  2.3451554e+001
  2.3402354e+001
  2.3377568e+001
  2.3413817e+001
  2.3389031e+001
  2.3352038e+001
  2.3351666e+001
  2.3314673e+001
  2.3387543e+001
  2.3423792e+001
  2.3386799e+001
  2.3435255e+001
  2.3337227e+001
  2.3300234e+001
  2.3324276e+001
  2.3348319e+001
  2.3347947e+001
  2.3359782e+001
  2.3359410e+001
  2.3383452e+001
  2.3346459e+001
  2.3382708e+001
  2.3406750e+001
  2.3406378e+001
  2.3357178e+001
  2.3478877e+001
  2.3405263e+001
  2.3417098e+001
  2.3489968e+001
  2.3440768e+001
  2.3452603e+001
  2.3440024e+001
  2.3403031e+001
  2.3427073e+001
  2.3414494e+001
  2.3475157e+001
  2.3450371e+001
  2.3401171e+001
  2.3425214e+001
  2.3437049e+001
  2.3497712e+001
  2.3485133e+001
  2.3521382e+001
  2.3472182e+001
  2.3447396e+001
  2.3422610e+001
  2.3471066e+001
  2.3446280e+001
  2.3445908e+001
  2.3433329e+001
  2.3420750e+001
  2.3408171e+001
  2.3468835e+001
  2.3431842e+001
  2.3431470e+001
  2.3431098e+001
  2.3430726e+001
  2.3381526e+001
  2.3381154e+001
  2.3380782e+001
  2.3417031e+001
  2.3416659e+001
  2.3465115e+001
  2.3379294e+001
  2.3378922e+001
  2.3427379e+001
  2.3439214e+001
  2.3499877e+001
  2.3450677e+001
  2.3450305e+001
  2.3498761e+001
  2.3412940e+001
  2.3485810e+001
  2.3509852e+001
  2.3460652e+001
  2.3448073e+001
  2.3459909e+001
  2.3435123e+001
  2.3532407e+001
  2.3519828e+001
  2.3519456e+001
  2.3445842e+001
  2.3433263e+001
  2.3396270e+001
  2.3469140e+001
  2.3542010e+001
  2.3468396e+001
  2.3504646e+001
  2.3418824e+001
  2.3381831e+001
  2.3466909e+001
  2.3417709e+001
  2.3527200e+001
  2.3551242e+001
  2.3477628e+001
  2.3477256e+001
  2.3452470e+001
  2.3464305e+001
  2.3524968e+001
  2.3561218e+001
  2.3499811e+001
  2.3475025e+001
  2.3450239e+001
  2.3486488e+001
  2.3486116e+001
  2.3510158e+001
  2.3521993e+001
  2.3497207e+001
  2.3386972e+001
  2.3411014e+001
  2.3398435e+001
  2.3483512e+001
  2.3519761e+001
  2.3421733e+001
  2.3396947e+001
  2.3384368e+001
  2.3445032e+001
  2.3493488e+001
  2.3517530e+001
  2.3504951e+001
  2.3492372e+001
  2.3455379e+001
  2.3418386e+001
  2.3479049e+001
  2.3478677e+001
  2.3441684e+001
  2.3441312e+001
  2.3355491e+001
  2.3391740e+001
  2.3379161e+001
  2.3378790e+001
  2.3415039e+001
  2.3414667e+001
  2.3365467e+001
  2.3340681e+001
  2.3303688e+001
  2.3364351e+001
  2.3363979e+001
  2.3326986e+001
  2.3314407e+001
  2.3301828e+001
  2.3289249e+001
  2.3252256e+001
  2.3325126e+001
  2.3324754e+001
  2.3348797e+001
  2.3372839e+001
  2.3287018e+001
  2.3225611e+001
  2.3298481e+001
  2.3371351e+001
  2.3383186e+001
  2.3321779e+001
  2.3358028e+001
  2.3284414e+001
  2.3320663e+001
  2.3381327e+001
  2.3441990e+001
  2.3392790e+001
  2.3368004e+001
  2.3318804e+001
  2.3318432e+001
  2.3269232e+001
  2.3293274e+001
  2.3341730e+001
  2.3316944e+001
  2.3304365e+001
  2.3255165e+001
  2.3291414e+001
  2.3315456e+001
  2.3351706e+001
  2.3375748e+001
  2.3375376e+001
  2.3277348e+001
  2.3240355e+001
  2.3264397e+001
  2.3300646e+001
  2.3288067e+001
  2.3287695e+001
  2.3299530e+001
  2.3286951e+001
  2.3249958e+001
  2.3286207e+001
  2.3334664e+001
  2.3309878e+001
  2.3346127e+001
  2.3223684e+001
  2.3198898e+001
  2.3235148e+001
  2.3259190e+001
  2.3307646e+001
  2.3209618e+001
  2.3270281e+001
  2.3257702e+001
  2.3159674e+001
  2.3232544e+001
  2.3329829e+001
  2.3341664e+001
  2.3365706e+001
  2.3340920e+001
  2.3413790e+001
  2.3303555e+001
  2.3352011e+001
  2.3437088e+001
  2.3436716e+001
  2.3399723e+001
  2.3387144e+001
  2.3313530e+001
  2.3300951e+001
  2.3324994e+001
  2.3373450e+001
  2.3360871e+001
  2.3360499e+001
  2.3360127e+001
  2.3323134e+001
  2.3347176e+001
  2.3359011e+001
  2.3468503e+001
  2.3492545e+001
  2.3455552e+001
  2.3418559e+001
  2.3405980e+001
  2.3344573e+001
  2.3393029e+001
  2.3392657e+001
  2.3465527e+001
  2.3440741e+001
  2.3428162e+001
  2.3378962e+001
  2.3415211e+001
  2.3463668e+001
  2.3451089e+001
  2.3450717e+001
  2.3474759e+001
  2.3413352e+001
  2.3351945e+001
  2.3388194e+001
  2.3448857e+001
  2.3387450e+001
  2.3411492e+001
  2.3423327e+001
  2.3361920e+001
  2.3373755e+001
  2.3300141e+001
  2.3385218e+001
  2.3384846e+001
  2.3408889e+001
  2.3408517e+001
  2.3371524e+001
  2.3358945e+001
  2.3334159e+001
  2.3407029e+001
  2.3431071e+001
  2.3357457e+001
  2.3369292e+001
  2.3393334e+001
  2.3368548e+001
  2.3355969e+001
  2.3392218e+001
  2.3416261e+001
  2.3440303e+001
  2.3452138e+001
  2.3402938e+001
  2.3378152e+001
  2.3414401e+001
  2.3499478e+001
  2.3450278e+001
  2.3462113e+001
  2.3449534e+001
  2.3461370e+001
  2.3387755e+001
  2.3448419e+001
  2.3509082e+001
  2.3472089e+001
  2.3508338e+001
  2.3507966e+001
  2.3446559e+001
  2.3482808e+001
  2.3494643e+001
  2.3494271e+001
  2.3530521e+001
  2.3517942e+001
  2.3541984e+001
  2.3566026e+001
  2.3529033e+001
  2.3565282e+001
  2.3577117e+001
  2.3576745e+001
  2.3515338e+001
  2.3502759e+001
  2.3490180e+001
  2.3648500e+001
  2.3660335e+001
  2.3708791e+001
  2.3659591e+001
  2.3671426e+001
  2.3536777e+001
  2.3548612e+001
  2.3572654e+001
  2.3560075e+001
  2.3608531e+001
  2.3571538e+001
  2.3583373e+001
  2.3509759e+001
  2.3521594e+001
  2.3496808e+001
  2.3533058e+001
  2.3557100e+001
  2.3556728e+001
  2.3544149e+001
  2.3555984e+001
  2.3518991e+001
  2.3628482e+001
  2.3628110e+001
  2.3627738e+001
  2.3615159e+001
  2.3578166e+001
  2.3541173e+001
  2.3516387e+001
  2.3552637e+001
  2.3576679e+001
  2.3600721e+001
  2.3563728e+001
  2.3538942e+001
  2.3501949e+001
  2.3525991e+001
  2.3513412e+001
  2.3525247e+001
  2.3512668e+001
  2.3573331e+001
  2.3524131e+001
  2.3487138e+001
  2.3523388e+001
  2.3547430e+001
  2.3522644e+001
  2.3497858e+001
  2.3485279e+001
  2.3472700e+001
  2.3435707e+001
  2.3508577e+001
  2.3459377e+001
  2.3471212e+001
  2.3556289e+001
  2.3494882e+001
  2.3494510e+001
  2.3469724e+001
  2.3530388e+001
  2.3481188e+001
  2.3517437e+001
  2.3541479e+001
  2.3541107e+001
  2.3430872e+001
  2.3515949e+001
  2.3491163e+001
  2.3515205e+001
  2.3527040e+001
  2.3526668e+001
  2.3465261e+001
  2.3489304e+001
  2.3525553e+001
  2.3561802e+001
  2.3549223e+001
  2.3561058e+001
  2.3511858e+001
  2.3462658e+001
  2.3474493e+001
  2.3474121e+001
  2.3473749e+001
  2.3509998e+001
  2.3497419e+001
  2.3399391e+001
  2.3386812e+001
  2.3410854e+001
  2.3398275e+001
  2.3446732e+001
  2.3495188e+001
  2.3458195e+001
  2.3421202e+001
  2.3420830e+001
  2.3469286e+001
  2.3432293e+001
  2.3456335e+001
  2.3480377e+001
  2.3577662e+001
  2.3504048e+001
  2.3515883e+001
  2.3430062e+001
  2.3417483e+001
  2.3465939e+001
  2.3563223e+001
  2.3550644e+001
  2.3525858e+001
  2.3525486e+001
  2.3549528e+001
  2.3524742e+001
  2.3475542e+001
  2.3609448e+001
  2.3621283e+001
  2.3645325e+001
  2.3644953e+001
  2.3571339e+001
  2.3558760e+001
  2.3558388e+001
  2.3594637e+001
  2.3655301e+001
  2.3654929e+001
  2.3581314e+001
  2.3568736e+001
  2.3556157e+001
  2.3494749e+001
  2.3530999e+001
  2.3530627e+001
  2.3518048e+001
  2.3554297e+001
  2.3480683e+001
  2.3431483e+001
  2.3479939e+001
  2.3479567e+001
  2.3576851e+001
  2.3588687e+001
  2.3551693e+001
  2.3502493e+001
  2.3502122e+001
  2.3489543e+001
  2.3476964e+001
  2.3562041e+001
  2.3549462e+001
  2.3585711e+001
  2.3499890e+001
  2.3536139e+001
  2.3462525e+001
  2.3572016e+001
  2.3559437e+001
  2.3534651e+001
  2.3534280e+001
  2.3533908e+001
  2.3484708e+001
  2.3496543e+001
  2.3508378e+001
  2.3569041e+001
  2.3568669e+001
  2.3556090e+001
  2.3567925e+001
  2.3494311e+001
  2.3518353e+001
  2.3517981e+001
  2.3554231e+001
  2.3541652e+001
  2.3504659e+001
  2.3565322e+001
  2.3528329e+001
  2.3503543e+001
  2.3490964e+001
  2.3539420e+001
  2.3624497e+001
  2.3636332e+001
  2.3587132e+001
  2.3598967e+001
  2.3513146e+001
  2.3561603e+001
  2.3585645e+001
  2.3682929e+001
  2.3706971e+001
  2.3669978e+001
  2.3632985e+001
  2.3583785e+001
  2.3571206e+001
  2.3619662e+001
  2.3607083e+001
  2.3631125e+001
  2.3679582e+001
  2.3642589e+001
  2.3642217e+001
  2.3654052e+001
  2.3629266e+001
  2.3628894e+001
  2.3652936e+001
  2.3615943e+001
  2.3627778e+001
  2.3566371e+001
  2.3614827e+001
  2.3577834e+001
  2.3589669e+001
  2.3564883e+001
  2.3649961e+001
  2.3649589e+001
  2.3563768e+001
  2.3612224e+001
  2.3587438e+001
  2.3611480e+001
  2.3672143e+001
  2.3622943e+001
  2.3622571e+001
  2.3622199e+001
  2.3560792e+001
  2.3548213e+001
  2.3560048e+001
  2.3547469e+001
  2.3632547e+001
  2.3558933e+001
  2.3570768e+001
  2.3472740e+001
  2.3423540e+001
  2.3410961e+001
  2.3410589e+001
  2.3459045e+001
  2.3495294e+001
  2.3458301e+001
  2.3445722e+001
  2.3359901e+001
  2.3383943e+001
  2.3444606e+001
  2.3444234e+001
  2.3492691e+001
  2.3480112e+001
  2.3418705e+001
  2.3381712e+001
  2.3381340e+001
  2.3368761e+001
  2.3441631e+001
  2.3453466e+001
  2.3477508e+001
  2.3416101e+001
  2.3403522e+001
  2.3354322e+001
  2.3366157e+001
  2.3426820e+001
  2.3426448e+001
  2.3474905e+001
  2.3425705e+001
  2.3400919e+001
  2.3437168e+001
  2.3546659e+001
  2.3412010e+001
  2.3411638e+001
  2.3472301e+001
  2.3410894e+001
  2.3422729e+001
  2.3422357e+001
  2.3409778e+001
  2.3409406e+001
  2.3445656e+001
  2.3457491e+001
  2.3530361e+001
  2.3456747e+001
  2.3431961e+001
  2.3394968e+001
  2.3455631e+001
  2.3491880e+001
  2.3442680e+001
  2.3430101e+001
  2.3441936e+001
  2.3417150e+001
  2.3355743e+001
  2.3428614e+001
  2.3416035e+001
  2.3440077e+001
  2.3427498e+001
  2.3414919e+001
  2.3402340e+001
  2.3377554e+001
  2.3291733e+001
  2.3340189e+001
  2.3364231e+001
  2.3351652e+001
  2.3412315e+001
  2.3375322e+001
  2.3350536e+001
  2.3374579e+001
  2.3325378e+001
  2.3288385e+001
  2.3300221e+001
  2.3409712e+001
  2.3409340e+001
  2.3396761e+001
  2.3310940e+001
  2.3261740e+001
  2.3261368e+001
  2.3322031e+001
  2.3346073e+001
  2.3345701e+001
  2.3430779e+001
  2.3393786e+001
  2.3393414e+001
  2.3344214e+001
  2.3343842e+001
  2.3331263e+001
  2.3355305e+001
  2.3428175e+001
  2.3354561e+001
  2.3341982e+001
  2.3329403e+001
  2.3353445e+001
  2.3316452e+001
  2.3352701e+001
  2.3425572e+001
  2.3425200e+001
  2.3437035e+001
  2.3363421e+001
  2.3326428e+001
  2.3374884e+001
  2.3362305e+001
  2.3386347e+001
  2.3324940e+001
  2.3336775e+001
  2.3360817e+001
  2.3262789e+001
  2.3213589e+001
  2.3323081e+001
  2.3273880e+001
  2.3346751e+001
  2.3383000e+001
  2.3370421e+001
  2.3431084e+001
  2.3369677e+001
  2.3296063e+001
  2.3344519e+001
  2.3344147e+001
  2.3331568e+001
  2.3367817e+001
  2.3416274e+001
  2.3428109e+001
  2.3403323e+001
  2.3378537e+001
  2.3451407e+001
  2.3414414e+001
  2.3475077e+001
  2.3547948e+001
  2.3523162e+001
  2.3522790e+001
  2.3461383e+001
  2.3461011e+001
  2.3436225e+001
  2.3509095e+001
  2.3557551e+001
  2.3544972e+001
  2.3532393e+001
  2.3519814e+001
  2.3482821e+001
  2.3494656e+001
  2.3445456e+001
  2.3445084e+001
  2.3542369e+001
  2.3554204e+001
  2.3553832e+001
  2.3492425e+001
  2.3479846e+001
  2.3455060e+001
  2.3479102e+001
  2.3539765e+001
  2.3588221e+001
  2.3563435e+001
  2.3575271e+001
  2.3526071e+001
  2.3501285e+001
  2.3488706e+001
  2.3512748e+001
  2.3524583e+001
  2.3536418e+001
  2.3548253e+001
  2.3511260e+001
  2.3486474e+001
  2.3510516e+001
  2.3436902e+001
  2.3534186e+001
  2.3509400e+001
  2.3594478e+001
  2.3496450e+001
  2.3520492e+001
  2.3483499e+001
  2.3531955e+001
  2.3555997e+001
  2.3567832e+001
  2.3555253e+001
  2.3579295e+001
  2.3554509e+001
  2.3541930e+001
  2.3553765e+001
  2.3516772e+001
  2.3479779e+001
  2.3528236e+001
  2.3601106e+001
  2.3588527e+001
  2.3539327e+001
  2.3538955e+001
  2.3501962e+001
  2.3526004e+001
  2.3501218e+001
  2.3549674e+001
  2.3561509e+001
  2.3475688e+001
  2.3450902e+001
  2.3377288e+001
  2.3389123e+001
  2.3339923e+001
  2.3315137e+001
  2.3424629e+001
  2.3412050e+001
  2.3375057e+001
  2.3301443e+001
  2.3276657e+001
  2.3312906e+001
  2.3288120e+001
  2.3299955e+001
  2.3348411e+001
  2.3360246e+001
  2.3359874e+001
  2.3298467e+001
  2.3383544e+001
  2.3358758e+001
  2.3346179e+001
  2.3296979e+001
  2.3333229e+001
  2.3406099e+001
  2.3393520e+001
  2.3356527e+001
  2.3343948e+001
  2.3319162e+001
  2.3318790e+001
  2.3379453e+001
  2.3403495e+001
  2.3390916e+001
  2.3353923e+001
  2.3402380e+001
  2.3402008e+001
  2.3389429e+001
  2.3364643e+001
  2.3400892e+001
  2.3400520e+001
  2.3461183e+001
  2.3436397e+001
  2.3509268e+001
  2.3447860e+001
  2.3447489e+001
  2.3459324e+001
  2.3495573e+001
  2.3507408e+001
  2.3519243e+001
  2.3567699e+001
  2.3481878e+001
  2.3444885e+001
  2.3432306e+001
  2.3456348e+001
  2.3455976e+001
  2.3492225e+001
  2.3491854e+001
  2.3540310e+001
  2.3503317e+001
  2.3405289e+001
  2.3331674e+001
  2.3331303e+001
  2.3355345e+001
  2.3293938e+001
  2.3317980e+001
  2.3403057e+001
  2.3366064e+001
  2.3280243e+001
  2.3279871e+001
  2.3230671e+001
  2.3376783e+001
  2.3315376e+001
  2.3351625e+001
  2.3339046e+001
  2.3387503e+001
  2.3387131e+001
  2.3264689e+001
  2.3288731e+001
  2.3288359e+001
  2.3287987e+001
  2.3312029e+001
  2.3384899e+001
  2.3360113e+001
  2.3384155e+001
  2.3310541e+001
  2.3273548e+001
  2.3212141e+001
  2.3321633e+001
  2.3272432e+001
  2.3320889e+001
  2.3369345e+001
  2.3344559e+001
  2.3258738e+001
  2.3258366e+001
  2.3209166e+001
  2.3196587e+001
  2.3318285e+001
  2.3342327e+001
  2.3305334e+001
  2.3280548e+001
  2.3267969e+001
  2.3230976e+001
  2.3291640e+001
  2.3279061e+001
  2.3266482e+001
  2.3327145e+001
  2.3338980e+001
  2.3338608e+001
  2.3301615e+001
  2.3276829e+001
  2.3239836e+001
  2.3227257e+001
  2.3324541e+001
  2.3287548e+001
  2.3311591e+001
  2.3347840e+001
  2.3310847e+001
  2.3310475e+001
  2.3224654e+001
  2.3260903e+001
  2.3309359e+001
  2.3394436e+001
  2.3333029e+001
  2.3393693e+001
  2.3307871e+001
  2.3283085e+001
  2.3331542e+001
  2.3233513e+001
  2.3257556e+001
  2.3306012e+001
  2.3378882e+001
  2.3390717e+001
  2.3402552e+001
  2.3365559e+001
  2.3267531e+001
  2.3279366e+001
  2.3278994e+001
  2.3266415e+001
  2.3290457e+001
  2.3314500e+001
  2.3289714e+001
  2.3240514e+001
  2.3215728e+001
  2.3215356e+001
  2.3178363e+001
  2.3251233e+001
  2.3336310e+001
  2.3323731e+001
  2.3298945e+001
  2.3298573e+001
  2.3285994e+001
  2.3285622e+001
  2.3358493e+001
  2.3443570e+001
  2.3418784e+001
  2.3491654e+001
  2.3564525e+001
  2.3490910e+001
  2.3527160e+001
  2.3587823e+001
  2.3514209e+001
  2.3635907e+001
  2.3623328e+001
  2.3671784e+001
  2.3585963e+001
  2.3634419e+001
  2.3646255e+001
  2.3523812e+001
  2.3535647e+001
  2.3632932e+001
  2.3644767e+001
  2.3607774e+001
  2.3607402e+001
  2.3558202e+001
  2.3594451e+001
  2.3557458e+001
  2.3532672e+001
  2.3556714e+001
  2.3519721e+001
  2.3604798e+001
  2.3531184e+001
  2.3481984e+001
  2.3554855e+001
  2.3456826e+001
  2.3432040e+001
  2.3419461e+001
  2.3480125e+001
  2.3491960e+001
  2.3479381e+001
  2.3430181e+001
  2.3442016e+001
  2.3453851e+001
  2.3416858e+001
  2.3440900e+001
  2.3428321e+001
  2.3440156e+001
  2.3476405e+001
  2.3427205e+001
  2.3426833e+001
  2.3341012e+001
  2.3328433e+001
  2.3315854e+001
  2.3352104e+001
  2.3376146e+001
  2.3400188e+001
  2.3363195e+001
  2.3350616e+001
  2.3325830e+001
  2.3349872e+001
  2.3325086e+001
  2.3324714e+001
  2.3348756e+001
  2.3372798e+001
  2.3396841e+001
  2.3298812e+001
  2.3335062e+001
  2.3273654e+001
  2.3261075e+001
  2.3309532e+001
  2.3309160e+001
  2.3333202e+001
  2.3369451e+001
  2.3381286e+001
  2.3295465e+001
  2.3331714e+001
  2.3258100e+001
  2.3269935e+001
  2.3306184e+001
  2.3379055e+001
  2.3427511e+001
  2.3402725e+001
  2.3402353e+001
  2.3353153e+001
  2.3340574e+001
  2.3340202e+001
  2.3339830e+001
  2.3400493e+001
  2.3436742e+001
  2.3436371e+001
  2.3399378e+001
  2.3435627e+001
  2.3386427e+001
  2.3373848e+001
  2.3373476e+001
  2.3385311e+001
  2.3433767e+001
  2.3421188e+001
  2.3481851e+001
  2.3469272e+001
  2.3481108e+001
  2.3370872e+001
  2.3431536e+001
  2.3455578e+001
  2.3467413e+001
  2.3406006e+001
  2.3393427e+001
  2.3417469e+001
  2.3392683e+001
  2.3380104e+001
  2.3367525e+001
  2.3367153e+001
  2.3464437e+001
  2.3464065e+001
  2.3451487e+001
  2.3390079e+001
  2.3462950e+001
  2.3438164e+001
  2.3388964e+001
  2.3400799e+001
  2.3412634e+001
  2.3375641e+001
  2.3387476e+001
  2.3350483e+001
  2.3362318e+001
  2.3300911e+001
  2.3385988e+001
  2.3336788e+001
  2.3409659e+001
  2.3421494e+001
  2.3457743e+001
  2.3469578e+001
  2.3408171e+001
  2.3432213e+001
  2.3407427e+001
  2.3370434e+001
  2.3345648e+001
  2.3381897e+001
  2.3454767e+001
  2.3478810e+001
  2.3405195e+001
  2.3453652e+001
  2.3453280e+001
  2.3440701e+001
  2.3464743e+001
  2.3476578e+001
  2.3525034e+001
  2.3488041e+001
  2.3426634e+001
  2.3438469e+001
  2.3425890e+001
  2.3437725e+001
  2.3364111e+001
  2.3449189e+001
  2.3473231e+001
  2.3448445e+001
  2.3460280e+001
  2.3362252e+001
  2.3337466e+001
  2.3349301e+001
  2.3324515e+001
  2.3372971e+001
  2.3397013e+001
  2.3433262e+001
